# scan_index timestamp_seconds
0 1773835894.874553
1 1773835894.972907
2 1773835895.041942
3 1773835895.124762
4 1773835895.207651
5 1773835895.289530
6 1773835895.370590
7 1773835895.451870
8 1773835895.532520
9 1773835895.614374
10 1773835895.694488
11 1773835895.774949
12 1773835895.854417
13 1773835895.935456
14 1773835896.015080
15 1773835896.094871
16 1773835896.174823
17 1773835896.254425
18 1773835896.334126
19 1773835896.413837
20 1773835896.492988
21 1773835896.572744
22 1773835896.652376
23 1773835896.731771
24 1773835896.811894
25 1773835896.890439
26 1773835896.969717
27 1773835897.049860
28 1773835897.129039
29 1773835897.209389
30 1773835897.288058
31 1773835897.368584
32 1773835897.447590
33 1773835897.528235
34 1773835897.607579
35 1773835897.687150
36 1773835897.766887
37 1773835897.846615
38 1773835897.925785
39 1773835898.005383
40 1773835898.085434
41 1773835898.164926
42 1773835898.244026
43 1773835898.323081
44 1773835898.402440
45 1773835898.482961
46 1773835898.561817
47 1773835898.641419
48 1773835898.720539
49 1773835898.801064
50 1773835898.879542
51 1773835898.958916
52 1773835899.039031
53 1773835899.118718
54 1773835899.197454
55 1773835899.277742
56 1773835899.356665
57 1773835899.436132
58 1773835899.515069
59 1773835899.593758
60 1773835899.673237
61 1773835899.752683
62 1773835899.831894
63 1773835899.910351
64 1773835899.990356
65 1773835900.070238
66 1773835900.149352
67 1773835900.228217
68 1773835900.307557
69 1773835900.386737
70 1773835900.466495
71 1773835900.545722
72 1773835900.625287
73 1773835900.704926
74 1773835900.784895
75 1773835900.863220
76 1773835900.942748
77 1773835901.022935
78 1773835901.101966
79 1773835901.182028
80 1773835901.260851
81 1773835901.340206
82 1773835901.419580
83 1773835901.499099
84 1773835901.578598
85 1773835901.657905
86 1773835901.738167
87 1773835901.817282
88 1773835901.896746
89 1773835901.976050
90 1773835902.055634
91 1773835902.134882
92 1773835902.214665
93 1773835902.293040
94 1773835902.372614
95 1773835902.452811
96 1773835902.532422
97 1773835902.611553
98 1773835902.690633
99 1773835902.771070
100 1773835902.850598
101 1773835902.930017
102 1773835903.009840
103 1773835903.089502
104 1773835903.168912
105 1773835903.248328
106 1773835903.328026
107 1773835903.406498
108 1773835903.486325
109 1773835903.565788
110 1773835903.644825
111 1773835903.724509
112 1773835903.804106
113 1773835903.884447
114 1773835903.963108
115 1773835904.042634
116 1773835904.122762
117 1773835904.202374
118 1773835904.280993
119 1773835904.361021
120 1773835904.440677
121 1773835904.519740
122 1773835904.600024
123 1773835904.678531
124 1773835904.758747
125 1773835904.837952
126 1773835904.917940
127 1773835904.996452
128 1773835905.076116
129 1773835905.155356
130 1773835905.235872
131 1773835905.315069
132 1773835905.394257
133 1773835905.473342
134 1773835905.552880
135 1773835905.631990
136 1773835905.711780
137 1773835905.791025
138 1773835905.869707
139 1773835905.949248
140 1773835906.029465
141 1773835906.108203
142 1773835906.187189
143 1773835906.267056
144 1773835906.346474
145 1773835906.426741
146 1773835906.505911
147 1773835906.584992
148 1773835906.664571
149 1773835906.743933
150 1773835906.823003
151 1773835906.902224
152 1773835906.982534
153 1773835907.061836
154 1773835907.140408
155 1773835907.219668
156 1773835907.299179
157 1773835907.378114
158 1773835907.458043
159 1773835907.537475
160 1773835907.615984
161 1773835907.696453
162 1773835907.774715
163 1773835907.854584
164 1773835907.933253
165 1773835908.013592
166 1773835908.092455
167 1773835908.172206
168 1773835908.250658
169 1773835908.330906
170 1773835908.409587
171 1773835908.488991
172 1773835908.567881
173 1773835908.647588
174 1773835908.727123
175 1773835908.806933
176 1773835908.885440
177 1773835908.965124
178 1773835909.044560
179 1773835909.124576
180 1773835909.204017
181 1773835909.283441
182 1773835909.362276
183 1773835909.441209
184 1773835909.521120
185 1773835909.601176
186 1773835909.681358
187 1773835909.760527
188 1773835909.840031
189 1773835909.920260
190 1773835909.999144
191 1773835910.078422
192 1773835910.157933
193 1773835910.238154
194 1773835910.316863
195 1773835910.396546
196 1773835910.476758
197 1773835910.555394
198 1773835910.634812
199 1773835910.715003
200 1773835910.793566
201 1773835910.873511
202 1773835910.951917
203 1773835911.030850
204 1773835911.110308
205 1773835911.189995
206 1773835911.269288
207 1773835911.348495
208 1773835911.428825
209 1773835911.507272
210 1773835911.586726
211 1773835911.665717
212 1773835911.745953
213 1773835911.824689
214 1773835911.904013
215 1773835911.983593
216 1773835912.062370
217 1773835912.141984
218 1773835912.221764
219 1773835912.300245
220 1773835912.379388
221 1773835912.458538
222 1773835912.538365
223 1773835912.617681
224 1773835912.696703
225 1773835912.776081
226 1773835912.855940
227 1773835912.934967
228 1773835913.014251
229 1773835913.093617
230 1773835913.172554
231 1773835913.252374
232 1773835913.331335
233 1773835913.410731
234 1773835913.489998
235 1773835913.568945
236 1773835913.648397
237 1773835913.727778
238 1773835913.806769
239 1773835913.886120
240 1773835913.965453
241 1773835914.044805
242 1773835914.124617
243 1773835914.203004
244 1773835914.282194
245 1773835914.362352
246 1773835914.441665
247 1773835914.519917
248 1773835914.599566
249 1773835914.678639
250 1773835914.758025
251 1773835914.837244
252 1773835914.916575
253 1773835914.995899
254 1773835915.075009
255 1773835915.154552
256 1773835915.232804
257 1773835915.313010
258 1773835915.392033
259 1773835915.471413
260 1773835915.550602
261 1773835915.629827
262 1773835915.708342
263 1773835915.787534
264 1773835915.866925
265 1773835915.946337
266 1773835916.024981
267 1773835916.104481
268 1773835916.183739
269 1773835916.262992
270 1773835916.342899
271 1773835916.422012
272 1773835916.502106
273 1773835916.581202
274 1773835916.660670
275 1773835916.739979
276 1773835916.819755
277 1773835916.898977
278 1773835916.977588
279 1773835917.056877
280 1773835917.136561
281 1773835917.215766
282 1773835917.295151
283 1773835917.374369
284 1773835917.454348
285 1773835917.533612
286 1773835917.613482
287 1773835917.692851
288 1773835917.771867
289 1773835917.852037
290 1773835917.931470
291 1773835918.011714
292 1773835918.090197
293 1773835918.170633
294 1773835918.249411
295 1773835918.328731
296 1773835918.408264
297 1773835918.487226
298 1773835918.566598
299 1773835918.646516
300 1773835918.725669
301 1773835918.804536
302 1773835918.884039
303 1773835918.963175
304 1773835919.042746
305 1773835919.122099
306 1773835919.201324
307 1773835919.280850
308 1773835919.360101
309 1773835919.439226
310 1773835919.519124
311 1773835919.597883
312 1773835919.676672
313 1773835919.756420
314 1773835919.835642
315 1773835919.915077
316 1773835919.993630
317 1773835920.073226
318 1773835920.152421
319 1773835920.231507
320 1773835920.310870
321 1773835920.390155
322 1773835920.468972
323 1773835920.547920
324 1773835920.627830
325 1773835920.707017
326 1773835920.785422
327 1773835920.864819
328 1773835920.944163
329 1773835921.023067
330 1773835921.102442
331 1773835921.181701
332 1773835921.261344
333 1773835921.339764
334 1773835921.418788
335 1773835921.498546
336 1773835921.577463
337 1773835921.656801
338 1773835921.735122
339 1773835921.814193
340 1773835921.894317
341 1773835921.972483
342 1773835922.051789
343 1773835922.131520
344 1773835922.211232
345 1773835922.290697
346 1773835922.370254
347 1773835922.448644
348 1773835922.528541
349 1773835922.607287
350 1773835922.686580
351 1773835922.766109
352 1773835922.845246
353 1773835922.924960
354 1773835923.003827
355 1773835923.082924
356 1773835923.162268
357 1773835923.241810
358 1773835923.322045
359 1773835923.401000
360 1773835923.480530
361 1773835923.559488
362 1773835923.639630
363 1773835923.719212
364 1773835923.797741
365 1773835923.877525
366 1773835923.956951
367 1773835924.036200
368 1773835924.115374
369 1773835924.194805
370 1773835924.274115
371 1773835924.353713
372 1773835924.433420
373 1773835924.511827
374 1773835924.591432
375 1773835924.671097
376 1773835924.750353
377 1773835924.829159
378 1773835924.908846
379 1773835924.988150
380 1773835925.067773
381 1773835925.147330
382 1773835925.226375
383 1773835925.305714
384 1773835925.384237
385 1773835925.463775
386 1773835925.543385
387 1773835925.622736
388 1773835925.701042
389 1773835925.780645
390 1773835925.860418
391 1773835925.939260
392 1773835926.019088
393 1773835926.097672
394 1773835926.177767
395 1773835926.256931
396 1773835926.335700
397 1773835926.414683
398 1773835926.493604
399 1773835926.573070
400 1773835926.652917
401 1773835926.731618
402 1773835926.810623
403 1773835926.889720
404 1773835926.969586
405 1773835927.048322
406 1773835927.127154
407 1773835927.206072
408 1773835927.285838
409 1773835927.365203
410 1773835927.443988
411 1773835927.523698
412 1773835927.602435
413 1773835927.682811
414 1773835927.761991
415 1773835927.841726
416 1773835927.921196
417 1773835928.000856
418 1773835928.080275
419 1773835928.159042
420 1773835928.238116
421 1773835928.317758
422 1773835928.396351
423 1773835928.475737
424 1773835928.554518
425 1773835928.633287
426 1773835928.712192
427 1773835928.791096
428 1773835928.869708
429 1773835928.948588
430 1773835929.028141
431 1773835929.106281
432 1773835929.185995
433 1773835929.264050
434 1773835929.343127
435 1773835929.422175
436 1773835929.501010
437 1773835929.580102
438 1773835929.659474
439 1773835929.737875
440 1773835929.817348
441 1773835929.896524
442 1773835929.975369
443 1773835930.054390
444 1773835930.133041
445 1773835930.212328
446 1773835930.291213
447 1773835930.370626
448 1773835930.450529
449 1773835930.528680
450 1773835930.608431
451 1773835930.687769
452 1773835930.766707
453 1773835930.845786
454 1773835930.924085
455 1773835931.003526
456 1773835931.082792
457 1773835931.161987
458 1773835931.241284
459 1773835931.320056
460 1773835931.399074
461 1773835931.478104
462 1773835931.557624
463 1773835931.636191
464 1773835931.715337
465 1773835931.794762
466 1773835931.873297
467 1773835931.952840
468 1773835932.031422
469 1773835932.110772
470 1773835932.190311
471 1773835932.268806
472 1773835932.347345
473 1773835932.427326
474 1773835932.506376
475 1773835932.585046
476 1773835932.664446
477 1773835932.742671
478 1773835932.822181
479 1773835932.901392
480 1773835932.979757
481 1773835933.058916
482 1773835933.138334
483 1773835933.217672
484 1773835933.296203
485 1773835933.374615
486 1773835933.454608
487 1773835933.533171
488 1773835933.612136
489 1773835933.691742
490 1773835933.770362
491 1773835933.850041
492 1773835933.929214
493 1773835934.007569
494 1773835934.087720
495 1773835934.166235
496 1773835934.245501
497 1773835934.324539
498 1773835934.403279
499 1773835934.482387
500 1773835934.561940
501 1773835934.641638
502 1773835934.720566
503 1773835934.799696
504 1773835934.878962
505 1773835934.958506
506 1773835935.036862
507 1773835935.116621
508 1773835935.196322
509 1773835935.274426
510 1773835935.354396
511 1773835935.433643
512 1773835935.511888
513 1773835935.591498
514 1773835935.670070
515 1773835935.749334
516 1773835935.828489
517 1773835935.907736
518 1773835935.987507
519 1773835936.066897
520 1773835936.145888
521 1773835936.224716
522 1773835936.303963
523 1773835936.383143
524 1773835936.461690
525 1773835936.541038
526 1773835936.620381
527 1773835936.700637
528 1773835936.780058
529 1773835936.858352
530 1773835936.938241
531 1773835937.017706
532 1773835937.096768
533 1773835937.175248
534 1773835937.254848
535 1773835937.332984
536 1773835937.412093
537 1773835937.491194
538 1773835937.570938
539 1773835937.649109
540 1773835937.728342
541 1773835937.808171
542 1773835937.887415
543 1773835937.966651
544 1773835938.045157
545 1773835938.124611
546 1773835938.203208
547 1773835938.282899
548 1773835938.361836
549 1773835938.440876
550 1773835938.520311
551 1773835938.600068
552 1773835938.678277
553 1773835938.757799
554 1773835938.836866
555 1773835938.916046
556 1773835938.995294
557 1773835939.074913
558 1773835939.153629
559 1773835939.233614
560 1773835939.313107
561 1773835939.391972
562 1773835939.471111
563 1773835939.550597
564 1773835939.629749
565 1773835939.708982
566 1773835939.787196
567 1773835939.867530
568 1773835939.946309
569 1773835940.025406
570 1773835940.103717
571 1773835940.183774
572 1773835940.262615
573 1773835940.341771
574 1773835940.420639
575 1773835940.500025
576 1773835940.578397
577 1773835940.656991
578 1773835940.736732
579 1773835940.815681
580 1773835940.894403
581 1773835940.972867
582 1773835941.052055
583 1773835941.131022
584 1773835941.210369
585 1773835941.288918
586 1773835941.368960
587 1773835941.446925
588 1773835941.526477
589 1773835941.605025
590 1773835941.684391
591 1773835941.763482
592 1773835941.842300
593 1773835941.920950
594 1773835942.000573
595 1773835942.079021
596 1773835942.158492
597 1773835942.237524
598 1773835942.316752
599 1773835942.396061
600 1773835942.475487
601 1773835942.554783
602 1773835942.634811
603 1773835942.712985
604 1773835942.792054
605 1773835942.872000
606 1773835942.950334
607 1773835943.029312
608 1773835943.108436
609 1773835943.187759
610 1773835943.266472
611 1773835943.424534
612 1773835943.503657
613 1773835943.582572
614 1773835943.662135
615 1773835943.741411
616 1773835943.820734
617 1773835943.899656
618 1773835943.978864
619 1773835944.059057
620 1773835944.137642
621 1773835944.217098
622 1773835944.296733
623 1773835944.376041
624 1773835944.455022
625 1773835944.533251
626 1773835944.612867
627 1773835944.692426
628 1773835944.770300
629 1773835944.849965
630 1773835944.929535
631 1773835945.008326
632 1773835945.087117
633 1773835945.166207
634 1773835945.244633
635 1773835945.323294
636 1773835945.403205
637 1773835945.482084
638 1773835945.561016
639 1773835945.639846
640 1773835945.720347
641 1773835945.799134
642 1773835945.878815
643 1773835945.957994
644 1773835946.037148
645 1773835946.116483
646 1773835946.195579
647 1773835946.274749
648 1773835946.353998
649 1773835946.432836
650 1773835946.512621
651 1773835946.591660
652 1773835946.670019
653 1773835946.749203
654 1773835946.828068
655 1773835946.906499
656 1773835946.986033
657 1773835947.065234
658 1773835947.144174
659 1773835947.222720
660 1773835947.301916
661 1773835947.380451
662 1773835947.459360
663 1773835947.538090
664 1773835947.617042
665 1773835947.696454
666 1773835947.775551
667 1773835947.854341
668 1773835947.933540
669 1773835948.012905
670 1773835948.091955
671 1773835948.172269
672 1773835948.250878
673 1773835948.329423
674 1773835948.409205
675 1773835948.487932
676 1773835948.566964
677 1773835948.646197
678 1773835948.726215
679 1773835948.804525
680 1773835948.884261
681 1773835948.963519
682 1773835949.042013
683 1773835949.121521
684 1773835949.200202
685 1773835949.279282
686 1773835949.358176
687 1773835949.438115
688 1773835949.516616
689 1773835949.596052
690 1773835949.674502
691 1773835949.754902
692 1773835949.833930
693 1773835949.912418
694 1773835949.991190
695 1773835950.070554
696 1773835950.150138
697 1773835950.230284
698 1773835950.309822
699 1773835950.389657
700 1773835950.468401
701 1773835950.547859
702 1773835950.626967
703 1773835950.707248
704 1773835950.786493
705 1773835950.865674
706 1773835950.945348
707 1773835951.023893
708 1773835951.104074
709 1773835951.182917
710 1773835951.261601
711 1773835951.341259
712 1773835951.420741
713 1773835951.499838
714 1773835951.579576
715 1773835951.658606
716 1773835951.737228
717 1773835951.815963
718 1773835951.896000
719 1773835951.975788
720 1773835952.056390
721 1773835952.135284
722 1773835952.214430
723 1773835952.293972
724 1773835952.374099
725 1773835952.453116
726 1773835952.532355
727 1773835952.611765
728 1773835952.690267
729 1773835952.769427
730 1773835952.849174
731 1773835952.927458
732 1773835953.006051
733 1773835953.084991
734 1773835953.164033
735 1773835953.243407
736 1773835953.321998
737 1773835953.400684
738 1773835953.479516
739 1773835953.559238
740 1773835953.638628
741 1773835953.717381
742 1773835953.796510
743 1773835953.874549
744 1773835953.953824
745 1773835954.033085
746 1773835954.112098
747 1773835954.191458
748 1773835954.270503
749 1773835954.348820
750 1773835954.428055
751 1773835954.507760
752 1773835954.586900
753 1773835954.665582
754 1773835954.744881
755 1773835954.823035
756 1773835954.902013
757 1773835954.980958
758 1773835955.060756
759 1773835955.138663
760 1773835955.218278
761 1773835955.297219
762 1773835955.376314
763 1773835955.455115
764 1773835955.533610
765 1773835955.613197
766 1773835955.691874
767 1773835955.770357
768 1773835955.849301
769 1773835955.927948
770 1773835956.007257
771 1773835956.086397
772 1773835956.165358
773 1773835956.244787
774 1773835956.323484
775 1773835956.402955
776 1773835956.482182
777 1773835956.560681
778 1773835956.639831
779 1773835956.718976
780 1773835956.797722
781 1773835956.877389
782 1773835956.957252
783 1773835957.036482
784 1773835957.115527
785 1773835957.194859
786 1773835957.274403
787 1773835957.353056
788 1773835957.432210
789 1773835957.511475
790 1773835957.590525
791 1773835957.669444
792 1773835957.749318
793 1773835957.827734
794 1773835957.906853
795 1773835957.986297
796 1773835958.064305
797 1773835958.143477
798 1773835958.222359
799 1773835958.302094
800 1773835958.380922
801 1773835958.459774
802 1773835958.538684
803 1773835958.618086
804 1773835958.697442
805 1773835958.775824
806 1773835958.855630
807 1773835958.934205
808 1773835959.013842
809 1773835959.092006
810 1773835959.171219
811 1773835959.250857
812 1773835959.329573
813 1773835959.408778
814 1773835959.488032
815 1773835959.567295
816 1773835959.646860
817 1773835959.725191
818 1773835959.804798
819 1773835959.883704
820 1773835959.963029
821 1773835960.041605
822 1773835960.121301
823 1773835960.200054
824 1773835960.278676
825 1773835960.357686
826 1773835960.437159
827 1773835960.516633
828 1773835960.595610
829 1773835960.673684
830 1773835960.753035
831 1773835960.832400
832 1773835960.911803
833 1773835960.991116
834 1773835961.070051
835 1773835961.148614
836 1773835961.228159
837 1773835961.307771
838 1773835961.387025
839 1773835961.465882
840 1773835961.544772
841 1773835961.623248
842 1773835961.702646
843 1773835961.781937
844 1773835961.860523
845 1773835961.940572
846 1773835962.018611
847 1773835962.097880
848 1773835962.177043
849 1773835962.255628
850 1773835962.335324
851 1773835962.413396
852 1773835962.493231
853 1773835962.572311
854 1773835962.650858
855 1773835962.730668
856 1773835962.808700
857 1773835962.888643
858 1773835962.967902
859 1773835963.046631
860 1773835963.125832
861 1773835963.204289
862 1773835963.283619
863 1773835963.361997
864 1773835963.441163
865 1773835963.521121
866 1773835963.599436
867 1773835963.679320
868 1773835963.758980
869 1773835963.837491
870 1773835963.917527
871 1773835963.996199
872 1773835964.076201
873 1773835964.155081
874 1773835964.234728
875 1773835964.314117
876 1773835964.394335
877 1773835964.474038
878 1773835964.552861
879 1773835964.632315
880 1773835964.711380
881 1773835964.790761
882 1773835964.870436
883 1773835964.949134
884 1773835965.028076
885 1773835965.107712
886 1773835965.187488
887 1773835965.266962
888 1773835965.346268
889 1773835965.425598
890 1773835965.503642
891 1773835965.583034
892 1773835965.663414
893 1773835965.742528
894 1773835965.821862
895 1773835965.901884
896 1773835965.981863
897 1773835966.061131
898 1773835966.141275
899 1773835966.221031
900 1773835966.299834
901 1773835966.379592
902 1773835966.459474
903 1773835966.538450
904 1773835966.617315
905 1773835966.697627
906 1773835966.775938
907 1773835966.855486
908 1773835966.934268
909 1773835967.012807
910 1773835967.091919
911 1773835967.171026
912 1773835967.250026
913 1773835967.328601
914 1773835967.407363
915 1773835967.487144
916 1773835967.566050
917 1773835967.644756
918 1773835967.723116
919 1773835967.802260
920 1773835967.880920
921 1773835967.959382
922 1773835968.039231
923 1773835968.117344
924 1773835968.196900
925 1773835968.276400
926 1773835968.355683
927 1773835968.434462
928 1773835968.513154
929 1773835968.591602
930 1773835968.671688
931 1773835968.750483
932 1773835968.829280
933 1773835968.907957
934 1773835968.987271
935 1773835969.065466
936 1773835969.145163
937 1773835969.224406
938 1773835969.304124
939 1773835969.382665
940 1773835969.462506
941 1773835969.541780
942 1773835969.621429
943 1773835969.699787
944 1773835969.779928
945 1773835969.858179
946 1773835969.938076
947 1773835970.017190
948 1773835970.096202
949 1773835970.175313
950 1773835970.254844
951 1773835970.333176
952 1773835970.413193
953 1773835970.491976
954 1773835970.571167
955 1773835970.650777
956 1773835970.728963
957 1773835970.808488
958 1773835970.888429
959 1773835970.967398
960 1773835971.046472
961 1773835971.127103
962 1773835971.205617
963 1773835971.285248
964 1773835971.365314
965 1773835971.444213
966 1773835971.524471
967 1773835971.604036
968 1773835971.682624
969 1773835971.762088
970 1773835971.842210
971 1773835971.921334
972 1773835972.000229
973 1773835972.079684
974 1773835972.158790
975 1773835972.238492
976 1773835972.317836
977 1773835972.397476
978 1773835972.477462
979 1773835972.556541
980 1773835972.636463
981 1773835972.715742
982 1773835972.794868
983 1773835972.874851
984 1773835972.953583
985 1773835973.033517
986 1773835973.113147
987 1773835973.191865
988 1773835973.271604
989 1773835973.350163
990 1773835973.428847
991 1773835973.508792
992 1773835973.587788
993 1773835973.666348
994 1773835973.745421
995 1773835973.824981
996 1773835973.903108
997 1773835973.982450
998 1773835974.061682
999 1773835974.140459
1000 1773835974.218992
1001 1773835974.298500
1002 1773835974.376898
1003 1773835974.455639
1004 1773835974.534003
1005 1773835974.612722
1006 1773835974.692162
1007 1773835974.771060
1008 1773835974.849943
1009 1773835974.928420
1010 1773835975.007075
1011 1773835975.086378
1012 1773835975.165790
1013 1773835975.243622
1014 1773835975.322772
1015 1773835975.402231
1016 1773835975.480260
1017 1773835975.559618
1018 1773835975.637846
1019 1773835975.717145
1020 1773835975.795999
1021 1773835975.875971
1022 1773835975.955849
1023 1773835976.034110
1024 1773835976.113505
1025 1773835976.192745
1026 1773835976.272005
1027 1773835976.351262
1028 1773835976.430183
1029 1773835976.510070
1030 1773835976.588982
1031 1773835976.668469
1032 1773835976.747213
1033 1773835976.826455
1034 1773835976.905295
1035 1773835976.984929
1036 1773835977.064453
1037 1773835977.143562
1038 1773835977.222146
1039 1773835977.301829
1040 1773835977.380440
1041 1773835977.459089
1042 1773835977.538005
1043 1773835977.617691
1044 1773835977.696183
1045 1773835977.775591
1046 1773835977.854113
1047 1773835977.932203
1048 1773835978.011742
1049 1773835978.090841
1050 1773835978.169469
1051 1773835978.247773
1052 1773835978.326693
1053 1773835978.406164
1054 1773835978.485173
1055 1773835978.564220
1056 1773835978.643183
1057 1773835978.721676
1058 1773835978.801137
1059 1773835978.879266
1060 1773835978.959043
1061 1773835979.037975
1062 1773835979.115891
1063 1773835979.195349
1064 1773835979.274304
1065 1773835979.352626
1066 1773835979.432141
1067 1773835979.510377
1068 1773835979.589408
1069 1773835979.668553
1070 1773835979.747139
1071 1773835979.826912
1072 1773835979.905734
1073 1773835979.983714
1074 1773835980.062959
1075 1773835980.141256
1076 1773835980.219928
1077 1773835980.299553
1078 1773835980.378158
1079 1773835980.457118
1080 1773835980.536109
1081 1773835980.615011
1082 1773835980.693317
1083 1773835980.772355
1084 1773835980.850543
1085 1773835980.929858
1086 1773835981.009123
1087 1773835981.087272
1088 1773835981.166234
1089 1773835981.245454
1090 1773835981.324874
1091 1773835981.402703
1092 1773835981.481841
1093 1773835981.560330
1094 1773835981.640042
1095 1773835981.718674
1096 1773835981.797392
1097 1773835981.875640
1098 1773835981.954635
1099 1773835982.033942
1100 1773835982.113272
1101 1773835982.191772
1102 1773835982.270807
1103 1773835982.350202
1104 1773835982.429104
1105 1773835982.507863
1106 1773835982.586613
1107 1773835982.665847
1108 1773835982.744543
1109 1773835982.822841
1110 1773835982.901744
1111 1773835982.980312
1112 1773835983.060016
1113 1773835983.137776
1114 1773835983.217459
1115 1773835983.295478
1116 1773835983.374982
1117 1773835983.453517
1118 1773835983.532280
1119 1773835983.611312
1120 1773835983.690138
1121 1773835983.768332
1122 1773835983.846868
1123 1773835983.925783
1124 1773835984.004895
1125 1773835984.083493
1126 1773835984.163087
1127 1773835984.241519
1128 1773835984.319661
1129 1773835984.398931
1130 1773835984.478318
1131 1773835984.556973
1132 1773835984.634963
1133 1773835984.714312
1134 1773835984.793599
1135 1773835984.872023
1136 1773835984.951082
1137 1773835985.029211
1138 1773835985.108073
1139 1773835985.187304
1140 1773835985.265947
1141 1773835985.344965
1142 1773835985.423822
1143 1773835985.502473
1144 1773835985.581469
1145 1773835985.659549
1146 1773835985.738760
1147 1773835985.817697
1148 1773835985.896408
1149 1773835985.975149
1150 1773835986.054034
1151 1773835986.133355
1152 1773835986.212271
1153 1773835986.291249
1154 1773835986.370321
1155 1773835986.448836
1156 1773835986.527756
1157 1773835986.607266
1158 1773835986.686042
1159 1773835986.763807
1160 1773835986.843021
1161 1773835986.922331
1162 1773835987.001591
1163 1773835987.079715
1164 1773835987.159746
1165 1773835987.238128
1166 1773835987.317297
1167 1773835987.395975
1168 1773835987.474904
1169 1773835987.553961
1170 1773835987.632767
1171 1773835987.711081
1172 1773835987.790011
1173 1773835987.868662
1174 1773835987.946904
1175 1773835988.025386
1176 1773835988.104702
1177 1773835988.183476
1178 1773835988.262843
1179 1773835988.341459
1180 1773835988.420590
1181 1773835988.499098
1182 1773835988.577594
1183 1773835988.656876
1184 1773835988.735572
1185 1773835988.814498
1186 1773835988.893152
1187 1773835988.972010
1188 1773835989.051112
1189 1773835989.130085
1190 1773835989.208919
1191 1773835989.288457
1192 1773835989.366599
1193 1773835989.445288
1194 1773835989.524774
1195 1773835989.603471
1196 1773835989.682274
1197 1773835989.761731
1198 1773835989.840018
1199 1773835989.918960
1200 1773835989.997615
1201 1773835990.076953
1202 1773835990.155843
1203 1773835990.234545
1204 1773835990.313866
1205 1773835990.393161
1206 1773835990.471796
1207 1773835990.550541
1208 1773835990.629729
1209 1773835990.709195
1210 1773835990.788086
1211 1773835990.866251
1212 1773835990.945934
1213 1773835991.023674
1214 1773835991.102576
1215 1773835991.181248
1216 1773835991.260574
1217 1773835991.339854
1218 1773835991.418754
1219 1773835991.497419
1220 1773835991.575996
1221 1773835991.655206
1222 1773835991.734105
1223 1773835991.813606
1224 1773835991.892273
1225 1773835991.970871
1226 1773835992.049474
1227 1773835992.128580
1228 1773835992.207689
1229 1773835992.285946
1230 1773835992.365271
1231 1773835992.444528
1232 1773835992.523519
1233 1773835992.602958
1234 1773835992.681061
1235 1773835992.760642
1236 1773835992.839119
1237 1773835992.917398
1238 1773835992.996469
1239 1773835993.075406
1240 1773835993.154019
1241 1773835993.232699
1242 1773835993.311450
1243 1773835993.389619
1244 1773835993.468319
1245 1773835993.547772
1246 1773835993.625607
1247 1773835993.704791
1248 1773835993.783930
1249 1773835993.862405
1250 1773835993.941271
1251 1773835994.019809
1252 1773835994.098637
1253 1773835994.177758
1254 1773835994.257436
1255 1773835994.336067
1256 1773835994.414806
1257 1773835994.493164
1258 1773835994.572413
1259 1773835994.650893
1260 1773835994.729182
1261 1773835994.808278
1262 1773835994.887525
1263 1773835994.966551
1264 1773835995.044818
1265 1773835995.123968
1266 1773835995.203273
1267 1773835995.282059
1268 1773835995.360280
1269 1773835995.439474
1270 1773835995.518544
1271 1773835995.596710
1272 1773835995.676140
1273 1773835995.755080
1274 1773835995.833642
1275 1773835995.911869
1276 1773835995.990825
1277 1773835996.069882
1278 1773835996.148626
1279 1773835996.226877
1280 1773835996.305245
1281 1773835996.383953
1282 1773835996.462865
1283 1773835996.542187
1284 1773835996.620875
1285 1773835996.699574
1286 1773835996.778915
1287 1773835996.857047
1288 1773835996.936086
1289 1773835997.014361
1290 1773835997.093796
1291 1773835997.172891
1292 1773835997.250998
1293 1773835997.329780
1294 1773835997.408018
1295 1773835997.487751
1296 1773835997.565744
1297 1773835997.645341
1298 1773835997.723691
1299 1773835997.802786
1300 1773835997.882467
1301 1773835997.961267
1302 1773835998.040436
1303 1773835998.118943
1304 1773835998.197630
1305 1773835998.276922
1306 1773835998.355785
1307 1773835998.434100
1308 1773835998.512806
1309 1773835998.591111
1310 1773835998.670262
1311 1773835998.749125
1312 1773835998.828465
1313 1773835998.907231
1314 1773835998.986120
1315 1773835999.064490
1316 1773835999.143781
1317 1773835999.222245
1318 1773835999.300577
1319 1773835999.379809
1320 1773835999.458622
1321 1773835999.536521
1322 1773835999.615866
1323 1773835999.694367
1324 1773835999.773529
1325 1773835999.852547
1326 1773835999.931632
1327 1773836000.010777
1328 1773836000.088965
1329 1773836000.169033
1330 1773836000.247611
1331 1773836000.326586
1332 1773836000.405312
1333 1773836000.483628
1334 1773836000.562366
1335 1773836000.641597
1336 1773836000.720515
1337 1773836000.798648
1338 1773836000.877237
1339 1773836000.956059
1340 1773836001.034935
1341 1773836001.113648
1342 1773836001.192796
1343 1773836001.270698
1344 1773836001.349392
1345 1773836001.428659
1346 1773836001.507244
1347 1773836001.586242
1348 1773836001.665314
1349 1773836001.743537
1350 1773836001.822490
1351 1773836001.901593
1352 1773836001.979324
1353 1773836002.058804
1354 1773836002.137418
1355 1773836002.216229
1356 1773836002.294418
1357 1773836002.373239
1358 1773836002.452571
1359 1773836002.530459
1360 1773836002.609605
1361 1773836002.688638
1362 1773836002.767274
1363 1773836002.846386
1364 1773836002.925176
1365 1773836003.003638
1366 1773836003.083433
1367 1773836003.162809
1368 1773836003.241648
1369 1773836003.320789
1370 1773836003.399670
1371 1773836003.478615
1372 1773836003.556861
1373 1773836003.636894
1374 1773836003.715934
1375 1773836003.794709
1376 1773836003.872886
1377 1773836003.951975
1378 1773836004.031128
1379 1773836004.110092
1380 1773836004.188582
1381 1773836004.266804
1382 1773836004.345976
1383 1773836004.423871
1384 1773836004.503554
1385 1773836004.581413
1386 1773836004.660770
1387 1773836004.738996
1388 1773836004.817982
1389 1773836004.897116
1390 1773836004.975169
1391 1773836005.054394
1392 1773836005.133535
1393 1773836005.212633
1394 1773836005.290911
1395 1773836005.369800
1396 1773836005.449482
1397 1773836005.528361
1398 1773836005.607446
1399 1773836005.685293
1400 1773836005.764546
1401 1773836005.843315
1402 1773836005.921415
1403 1773836006.000624
1404 1773836006.079787
1405 1773836006.157736
1406 1773836006.237418
1407 1773836006.315544
1408 1773836006.393873
1409 1773836006.473003
1410 1773836006.552373
1411 1773836006.630832
1412 1773836006.709142
1413 1773836006.787758
1414 1773836006.867265
1415 1773836006.945967
1416 1773836007.024456
1417 1773836007.103289
1418 1773836007.181531
1419 1773836007.260713
1420 1773836007.338788
1421 1773836007.417693
1422 1773836007.495535
1423 1773836007.574198
1424 1773836007.653177
1425 1773836007.731620
1426 1773836007.810311
1427 1773836007.888933
1428 1773836007.968250
1429 1773836008.046744
1430 1773836008.125437
1431 1773836008.203685
1432 1773836008.283461
1433 1773836008.362103
1434 1773836008.440777
1435 1773836008.519133
1436 1773836008.597724
1437 1773836008.677051
1438 1773836008.756070
1439 1773836008.834728
1440 1773836008.913547
1441 1773836008.991827
1442 1773836009.071215
1443 1773836009.149244
1444 1773836009.228056
1445 1773836009.306451
1446 1773836009.385368
1447 1773836009.463915
1448 1773836009.542899
1449 1773836009.621809
1450 1773836009.700283
1451 1773836009.778822
1452 1773836009.857086
1453 1773836009.936075
1454 1773836010.014346
1455 1773836010.094018
1456 1773836010.172326
1457 1773836010.250762
1458 1773836010.330247
1459 1773836010.409535
1460 1773836010.487817
1461 1773836010.567078
1462 1773836010.646403
1463 1773836010.725251
1464 1773836010.803786
1465 1773836010.882392
1466 1773836010.961577
1467 1773836011.040462
1468 1773836011.118959
1469 1773836011.198067
1470 1773836011.275980
1471 1773836011.354910
1472 1773836011.433411
1473 1773836011.513005
1474 1773836011.591721
1475 1773836011.670412
1476 1773836011.748276
1477 1773836011.826979
1478 1773836011.905411
1479 1773836011.984239
1480 1773836012.063098
1481 1773836012.141156
1482 1773836012.220043
1483 1773836012.298109
1484 1773836012.377459
1485 1773836012.455398
1486 1773836012.534252
1487 1773836012.612245
1488 1773836012.690983
1489 1773836012.769715
1490 1773836012.848339
1491 1773836012.927683
1492 1773836013.005577
1493 1773836013.084202
1494 1773836013.163905
1495 1773836013.241743
1496 1773836013.320867
1497 1773836013.399718
1498 1773836013.479037
1499 1773836013.557051
1500 1773836013.636644
1501 1773836013.715913
1502 1773836013.794201
1503 1773836013.873358
1504 1773836013.952049
1505 1773836014.030425
1506 1773836014.110267
1507 1773836014.188468
1508 1773836014.267627
1509 1773836014.346750
1510 1773836014.425090
1511 1773836014.503963
1512 1773836014.582761
1513 1773836014.661965
1514 1773836014.740089
1515 1773836014.819466
1516 1773836014.897832
1517 1773836014.976579
1518 1773836015.055969
1519 1773836015.134474
1520 1773836015.212838
1521 1773836015.291736
1522 1773836015.370411
1523 1773836015.448768
1524 1773836015.527229
1525 1773836015.606457
1526 1773836015.685410
1527 1773836015.764244
1528 1773836015.843604
1529 1773836015.921569
1530 1773836016.001132
1531 1773836016.079653
1532 1773836016.158453
1533 1773836016.236973
1534 1773836016.316175
1535 1773836016.395237
1536 1773836016.473386
1537 1773836016.551437
1538 1773836016.630740
1539 1773836016.709603
1540 1773836016.787092
1541 1773836016.866472
1542 1773836016.944217
1543 1773836017.022703
1544 1773836017.101888
1545 1773836017.180449
1546 1773836017.259485
1547 1773836017.338720
1548 1773836017.416796
1549 1773836017.495400
1550 1773836017.575004
1551 1773836017.654002
1552 1773836017.731866
1553 1773836017.811038
1554 1773836017.889870
1555 1773836017.968925
1556 1773836018.047167
1557 1773836018.126569
1558 1773836018.204964
1559 1773836018.284690
1560 1773836018.362786
1561 1773836018.441099
1562 1773836018.519963
1563 1773836018.599227
1564 1773836018.677222
1565 1773836018.756127
1566 1773836018.835571
1567 1773836018.914043
1568 1773836018.992656
1569 1773836019.071197
1570 1773836019.149847
1571 1773836019.229154
1572 1773836019.308213
1573 1773836019.386012
1574 1773836019.464558
1575 1773836019.544031
1576 1773836019.622542
1577 1773836019.701238
1578 1773836019.779768
1579 1773836019.858338
1580 1773836019.936784
1581 1773836020.016233
1582 1773836020.094904
1583 1773836020.173274
1584 1773836020.251316
1585 1773836020.331054
1586 1773836020.409004
1587 1773836020.488659
1588 1773836020.567201
1589 1773836020.644875
1590 1773836020.723989
1591 1773836020.802284
1592 1773836020.880997
1593 1773836020.959036
1594 1773836021.038099
1595 1773836021.116339
1596 1773836021.195269
1597 1773836021.273328
1598 1773836021.352454
1599 1773836021.431069
1600 1773836021.510031
1601 1773836021.588481
1602 1773836021.667290
1603 1773836021.745848
1604 1773836021.824754
1605 1773836021.903382
1606 1773836021.981019
1607 1773836022.060343
1608 1773836022.139251
1609 1773836022.217646
1610 1773836022.295968
1611 1773836022.374503
1612 1773836022.453320
1613 1773836022.531767
1614 1773836022.611089
1615 1773836022.689729
1616 1773836022.768267
1617 1773836022.847913
1618 1773836022.926687
1619 1773836023.005170
1620 1773836023.084527
1621 1773836023.163148
1622 1773836023.240885
1623 1773836023.320586
1624 1773836023.398616
1625 1773836023.477044
1626 1773836023.555299
1627 1773836023.635017
1628 1773836023.712950
1629 1773836023.791461
1630 1773836023.870196
1631 1773836023.949414
1632 1773836024.028338
1633 1773836024.106027
1634 1773836024.185426
1635 1773836024.264238
1636 1773836024.342755
1637 1773836024.421369
1638 1773836024.499274
1639 1773836024.577785
1640 1773836024.656746
1641 1773836024.735153
1642 1773836024.814099
1643 1773836024.892304
1644 1773836024.971013
1645 1773836025.049496
1646 1773836025.127893
1647 1773836025.207299
1648 1773836025.284774
1649 1773836025.364124
1650 1773836025.442471
1651 1773836025.521979
1652 1773836025.600200
1653 1773836025.678684
1654 1773836025.757917
1655 1773836025.836534
1656 1773836025.915758
1657 1773836025.994412
1658 1773836026.073907
1659 1773836026.151529
1660 1773836026.230993
1661 1773836026.309806
1662 1773836026.388627
1663 1773836026.467106
1664 1773836026.545286
1665 1773836026.623867
1666 1773836026.701928
1667 1773836026.781157
1668 1773836026.859555
1669 1773836026.938041
1670 1773836027.016262
1671 1773836027.095019
1672 1773836027.173657
1673 1773836027.252264
1674 1773836027.330858
1675 1773836027.409312
1676 1773836027.488057
1677 1773836027.566878
1678 1773836027.645727
1679 1773836027.723484
1680 1773836027.802867
1681 1773836027.881153
1682 1773836027.959854
1683 1773836028.037465
1684 1773836028.116428
1685 1773836028.195403
1686 1773836028.273929
1687 1773836028.352416
1688 1773836028.431372
1689 1773836028.509640
1690 1773836028.588165
1691 1773836028.666010
1692 1773836028.744664
1693 1773836028.822280
1694 1773836028.901460
1695 1773836028.979401
1696 1773836029.057781
1697 1773836029.136568
1698 1773836029.214966
1699 1773836029.293869
1700 1773836029.371617
1701 1773836029.450702
1702 1773836029.528768
1703 1773836029.607205
1704 1773836029.686113
1705 1773836029.763621
1706 1773836029.842172
1707 1773836029.921539
1708 1773836029.998922
1709 1773836030.077497
1710 1773836030.155933
1711 1773836030.235159
1712 1773836030.313323
1713 1773836030.392000
1714 1773836030.470862
1715 1773836030.550257
1716 1773836030.628665
1717 1773836030.707611
1718 1773836030.785412
1719 1773836030.864516
1720 1773836030.943565
1721 1773836031.022348
1722 1773836031.099841
1723 1773836031.178548
1724 1773836031.258012
1725 1773836031.335683
1726 1773836031.414404
1727 1773836031.493190
1728 1773836031.571812
1729 1773836031.651008
1730 1773836031.729682
1731 1773836031.807694
1732 1773836031.886343
1733 1773836031.964847
1734 1773836032.043173
1735 1773836032.122875
1736 1773836032.200632
1737 1773836032.279492
1738 1773836032.357950
1739 1773836032.435532
1740 1773836032.515224
1741 1773836032.593137
1742 1773836032.671493
1743 1773836032.750862
1744 1773836032.829002
1745 1773836032.908051
1746 1773836032.986125
1747 1773836033.065810
1748 1773836033.143377
1749 1773836033.222122
1750 1773836033.301609
1751 1773836033.379472
1752 1773836033.458443
1753 1773836033.537692
1754 1773836033.616141
1755 1773836033.694513
1756 1773836033.773797
1757 1773836033.852336
1758 1773836033.931392
1759 1773836034.010174
1760 1773836034.088425
1761 1773836034.167112
1762 1773836034.245672
1763 1773836034.324223
1764 1773836034.403341
1765 1773836034.481771
1766 1773836034.560557
1767 1773836034.639469
1768 1773836034.717637
1769 1773836034.796819
1770 1773836034.875251
1771 1773836034.954595
1772 1773836035.032223
1773 1773836035.110775
1774 1773836035.189841
1775 1773836035.268211
1776 1773836035.346567
1777 1773836035.425100
1778 1773836035.503557
1779 1773836035.581607
1780 1773836035.660272
1781 1773836035.739466
1782 1773836035.817719
1783 1773836035.896365
1784 1773836035.974583
1785 1773836036.052905
1786 1773836036.131894
1787 1773836036.210063
1788 1773836036.288760
1789 1773836036.366582
1790 1773836036.445478
1791 1773836036.523703
1792 1773836036.602482
1793 1773836036.681351
1794 1773836036.759592
1795 1773836036.838395
1796 1773836036.917150
1797 1773836036.995357
1798 1773836037.073960
1799 1773836037.151853
1800 1773836037.230292
1801 1773836037.308930
1802 1773836037.387159
1803 1773836037.465774
1804 1773836037.544171
1805 1773836037.621958
1806 1773836037.700484
1807 1773836037.780115
1808 1773836037.857614
1809 1773836037.936597
1810 1773836038.015060
1811 1773836038.093012
1812 1773836038.172486
1813 1773836038.251061
1814 1773836038.329508
1815 1773836038.407742
1816 1773836038.486235
1817 1773836038.565271
1818 1773836038.644176
1819 1773836038.722480
1820 1773836038.801521
1821 1773836038.879535
1822 1773836038.958416
1823 1773836039.037201
1824 1773836039.115012
1825 1773836039.193932
1826 1773836039.272054
1827 1773836039.350686
1828 1773836039.429581
1829 1773836039.508178
1830 1773836039.586325
1831 1773836039.666026
1832 1773836039.744533
1833 1773836039.823108
1834 1773836039.902435
1835 1773836039.981264
1836 1773836040.059550
1837 1773836040.137750
1838 1773836040.217149
1839 1773836040.295662
1840 1773836040.373939
1841 1773836040.452022
1842 1773836040.531440
1843 1773836040.609280
1844 1773836040.687557
1845 1773836040.766536
1846 1773836040.844529
1847 1773836040.923261
1848 1773836041.002183
1849 1773836041.080670
1850 1773836041.158344
1851 1773836041.236839
1852 1773836041.315005
1853 1773836041.393599
1854 1773836041.472460
1855 1773836041.551026
1856 1773836041.629146
1857 1773836041.708290
1858 1773836041.786630
1859 1773836041.863902
1860 1773836041.942985
1861 1773836042.021537
1862 1773836042.099097
1863 1773836042.177447
1864 1773836042.255621
1865 1773836042.334255
1866 1773836042.413210
1867 1773836042.492058
1868 1773836042.570635
1869 1773836042.649156
1870 1773836042.727589
1871 1773836042.805968
1872 1773836042.883977
1873 1773836042.962846
1874 1773836043.041450
1875 1773836043.120002
1876 1773836043.198070
1877 1773836043.276367
1878 1773836043.355118
1879 1773836043.434283
1880 1773836043.512250
1881 1773836043.590848
1882 1773836043.669204
1883 1773836043.748449
1884 1773836043.826115
1885 1773836043.905060
1886 1773836043.983065
1887 1773836044.062381
1888 1773836044.140215
1889 1773836044.219597
1890 1773836044.297432
1891 1773836044.376786
1892 1773836044.454809
1893 1773836044.533857
1894 1773836044.612187
1895 1773836044.690671
1896 1773836044.770010
1897 1773836044.848085
1898 1773836044.926292
1899 1773836045.005359
1900 1773836045.083838
1901 1773836045.161951
1902 1773836045.241412
1903 1773836045.319880
1904 1773836045.398121
1905 1773836045.476416
1906 1773836045.555154
1907 1773836045.634170
1908 1773836045.712411
1909 1773836045.791314
1910 1773836045.869964
1911 1773836045.948102
1912 1773836046.026415
1913 1773836046.104936
1914 1773836046.183485
1915 1773836046.262223
1916 1773836046.340616
1917 1773836046.419561
1918 1773836046.497550
1919 1773836046.575724
1920 1773836046.654410
1921 1773836046.733227
1922 1773836046.811811
1923 1773836046.890152
1924 1773836046.969504
1925 1773836047.047884
1926 1773836047.126167
1927 1773836047.204431
1928 1773836047.282776
1929 1773836047.361570
1930 1773836047.440713
1931 1773836047.518369
1932 1773836047.597599
1933 1773836047.676306
1934 1773836047.754255
1935 1773836047.832621
1936 1773836047.911182
1937 1773836047.990226
1938 1773836048.068495
1939 1773836048.146905
1940 1773836048.225707
1941 1773836048.304459
1942 1773836048.382659
1943 1773836048.461107
1944 1773836048.539273
1945 1773836048.617815
1946 1773836048.696220
1947 1773836048.774921
1948 1773836048.852773
1949 1773836048.931788
1950 1773836049.009869
1951 1773836049.088175
1952 1773836049.166314
1953 1773836049.245085
1954 1773836049.323816
1955 1773836049.402691
1956 1773836049.481454
1957 1773836049.560227
1958 1773836049.638910
1959 1773836049.717816
1960 1773836049.796999
1961 1773836049.875957
1962 1773836049.954186
1963 1773836050.033088
1964 1773836050.111913
1965 1773836050.189922
1966 1773836050.268439
1967 1773836050.347086
1968 1773836050.425667
1969 1773836050.505059
1970 1773836050.583543
1971 1773836050.661732
1972 1773836050.740406
1973 1773836050.818181
1974 1773836050.896713
1975 1773836050.975099
1976 1773836051.053642
1977 1773836051.131877
1978 1773836051.210723
1979 1773836051.288923
1980 1773836051.367282
1981 1773836051.446015
1982 1773836051.524599
1983 1773836051.602766
1984 1773836051.681189
1985 1773836051.760399
1986 1773836051.839045
1987 1773836051.916560
1988 1773836051.995635
1989 1773836052.073661
1990 1773836052.152523
1991 1773836052.231879
1992 1773836052.309722
1993 1773836052.388387
1994 1773836052.466312
1995 1773836052.545520
1996 1773836052.623846
1997 1773836052.701744
1998 1773836052.780725
1999 1773836052.859181
2000 1773836052.937591
2001 1773836053.016456
2002 1773836053.094795
2003 1773836053.173269
2004 1773836053.251851
2005 1773836053.330643
2006 1773836053.408969
2007 1773836053.487298
2008 1773836053.565669
2009 1773836053.644358
2010 1773836053.722604
2011 1773836053.801367
2012 1773836053.879678
2013 1773836053.957984
2014 1773836054.036254
2015 1773836054.114714
2016 1773836054.193060
2017 1773836054.271146
2018 1773836054.350311
2019 1773836054.428788
2020 1773836054.506962
2021 1773836054.584596
2022 1773836054.663040
2023 1773836054.741574
2024 1773836054.819730
2025 1773836054.898359
2026 1773836054.976980
2027 1773836055.055506
2028 1773836055.133942
2029 1773836055.211607
2030 1773836055.289863
2031 1773836055.368463
2032 1773836055.447355
2033 1773836055.525523
2034 1773836055.603803
2035 1773836055.681931
2036 1773836055.760518
2037 1773836055.838574
2038 1773836055.917589
2039 1773836055.995279
2040 1773836056.073964
2041 1773836056.153038
2042 1773836056.231441
2043 1773836056.309351
2044 1773836056.387502
2045 1773836056.466166
2046 1773836056.544540
2047 1773836056.622511
2048 1773836056.700668
2049 1773836056.779683
2050 1773836056.857714
2051 1773836056.936401
2052 1773836057.013946
2053 1773836057.092746
2054 1773836057.170360
2055 1773836057.249333
2056 1773836057.327660
2057 1773836057.405561
2058 1773836057.483825
2059 1773836057.562069
2060 1773836057.640327
2061 1773836057.718693
2062 1773836057.797073
2063 1773836057.875241
2064 1773836057.953606
2065 1773836058.032580
2066 1773836058.110777
2067 1773836058.189433
2068 1773836058.267677
2069 1773836058.346337
2070 1773836058.424897
2071 1773836058.502902
2072 1773836058.581881
2073 1773836058.659916
2074 1773836058.738322
2075 1773836058.816361
2076 1773836058.895158
2077 1773836058.973445
2078 1773836059.051737
2079 1773836059.129833
2080 1773836059.207528
2081 1773836059.286055
2082 1773836059.364495
2083 1773836059.443009
2084 1773836059.520562
2085 1773836059.598557
2086 1773836059.677206
2087 1773836059.756498
2088 1773836059.834687
2089 1773836059.913062
2090 1773836059.991302
2091 1773836060.070351
2092 1773836060.148191
2093 1773836060.226572
2094 1773836060.305970
2095 1773836060.383985
2096 1773836060.462587
2097 1773836060.541822
2098 1773836060.619763
2099 1773836060.698582
2100 1773836060.776843
2101 1773836060.855734
2102 1773836060.934035
2103 1773836061.012506
2104 1773836061.091128
2105 1773836061.169328
2106 1773836061.247815
2107 1773836061.326250
2108 1773836061.404057
2109 1773836061.482748
2110 1773836061.561116
2111 1773836061.640100
2112 1773836061.718304
2113 1773836061.796083
2114 1773836061.875196
2115 1773836061.953333
2116 1773836062.031681
2117 1773836062.111283
2118 1773836062.189107
2119 1773836062.268172
2120 1773836062.346188
2121 1773836062.425024
2122 1773836062.503654
2123 1773836062.581855
2124 1773836062.660468
2125 1773836062.738521
2126 1773836062.817650
2127 1773836062.895589
2128 1773836062.974103
2129 1773836063.053014
2130 1773836063.131463
2131 1773836063.209743
2132 1773836063.288783
2133 1773836063.367656
2134 1773836063.445386
2135 1773836063.524406
2136 1773836063.603000
2137 1773836063.680993
2138 1773836063.759447
2139 1773836063.838454
2140 1773836063.916784
2141 1773836063.994741
2142 1773836064.073536
2143 1773836064.152581
2144 1773836064.231068
2145 1773836064.309249
2146 1773836064.387562
2147 1773836064.466422
2148 1773836064.545289
2149 1773836064.623513
2150 1773836064.702919
2151 1773836064.781637
2152 1773836064.859538
2153 1773836064.938377
2154 1773836065.016489
2155 1773836065.096012
2156 1773836065.174506
2157 1773836065.253530
2158 1773836065.331626
2159 1773836065.410227
2160 1773836065.488280
2161 1773836065.566520
2162 1773836065.644922
2163 1773836065.723286
2164 1773836065.801039
2165 1773836065.879592
2166 1773836065.958119
2167 1773836066.035668
2168 1773836066.114460
2169 1773836066.193019
2170 1773836066.270621
2171 1773836066.349254
2172 1773836066.426946
2173 1773836066.504937
2174 1773836066.583984
2175 1773836066.661564
2176 1773836066.739910
2177 1773836066.817930
2178 1773836066.896378
2179 1773836066.974562
2180 1773836067.053397
2181 1773836067.130857
2182 1773836067.209891
2183 1773836067.287522
2184 1773836067.365684
2185 1773836067.444320
2186 1773836067.522180
2187 1773836067.600653
2188 1773836067.678492
2189 1773836067.756854
2190 1773836067.835385
2191 1773836067.913469
2192 1773836067.992135
2193 1773836068.070051
2194 1773836068.147642
2195 1773836068.226574
2196 1773836068.305116
2197 1773836068.382866
2198 1773836068.460502
2199 1773836068.538701
2200 1773836068.617347
2201 1773836068.695985
2202 1773836068.774359
2203 1773836068.851637
2204 1773836068.930272
2205 1773836069.009152
2206 1773836069.087461
2207 1773836069.164900
2208 1773836069.243285
2209 1773836069.321211
2210 1773836069.400242
2211 1773836069.479073
2212 1773836069.557622
2213 1773836069.635169
2214 1773836069.713520
2215 1773836069.792524
2216 1773836069.870936
2217 1773836069.948983
2218 1773836070.027589
2219 1773836070.105677
2220 1773836070.183245
2221 1773836070.261616
2222 1773836070.340115
2223 1773836070.418776
2224 1773836070.496698
2225 1773836070.575438
2226 1773836070.654549
2227 1773836070.732819
2228 1773836070.810472
2229 1773836070.888858
2230 1773836070.967192
2231 1773836071.045240
2232 1773836071.124115
2233 1773836071.201597
2234 1773836071.280345
2235 1773836071.358470
2236 1773836071.437449
2237 1773836071.515586
2238 1773836071.593227
2239 1773836071.671721
2240 1773836071.750258
2241 1773836071.828731
2242 1773836071.906357
2243 1773836071.984369
2244 1773836072.062956
2245 1773836072.141155
2246 1773836072.219735
2247 1773836072.297901
2248 1773836072.375983
2249 1773836072.454427
2250 1773836072.531940
2251 1773836072.610947
2252 1773836072.688893
2253 1773836072.768321
2254 1773836072.846634
2255 1773836072.924994
2256 1773836073.003447
2257 1773836073.081950
2258 1773836073.160546
2259 1773836073.238971
2260 1773836073.317412
2261 1773836073.394467
2262 1773836073.473089
2263 1773836073.551539
2264 1773836073.629450
2265 1773836073.706903
2266 1773836073.784964
2267 1773836073.864042
2268 1773836073.942137
2269 1773836074.020155
2270 1773836074.097464
2271 1773836074.176460
2272 1773836074.253872
2273 1773836074.332887
2274 1773836074.410555
2275 1773836074.488946
2276 1773836074.568028
2277 1773836074.646537
2278 1773836074.724126
2279 1773836074.802893
2280 1773836074.881813
2281 1773836074.960671
2282 1773836075.038948
2283 1773836075.117560
2284 1773836075.195414
2285 1773836075.273292
2286 1773836075.351942
2287 1773836075.429632
2288 1773836075.508039
2289 1773836075.586127
2290 1773836075.664424
2291 1773836075.742834
2292 1773836075.821626
2293 1773836075.899880
2294 1773836075.978647
2295 1773836076.056461
2296 1773836076.135078
2297 1773836076.213202
2298 1773836076.291829
2299 1773836076.369179
2300 1773836076.447517
2301 1773836076.525506
2302 1773836076.603800
2303 1773836076.681935
2304 1773836076.760334
2305 1773836076.838871
2306 1773836076.917349
2307 1773836076.995519
2308 1773836077.074464
2309 1773836077.152300
2310 1773836077.230649
2311 1773836077.309802
2312 1773836077.386939
2313 1773836077.465598
2314 1773836077.543952
2315 1773836077.622626
2316 1773836077.700425
2317 1773836077.778996
2318 1773836077.856776
2319 1773836077.935152
2320 1773836078.013689
2321 1773836078.091643
2322 1773836078.168685
2323 1773836078.246669
2324 1773836078.325197
2325 1773836078.403986
2326 1773836078.481477
2327 1773836078.559695
2328 1773836078.638216
2329 1773836078.716323
2330 1773836078.794201
2331 1773836078.873158
2332 1773836078.950470
2333 1773836079.028710
2334 1773836079.107916
2335 1773836079.185866
2336 1773836079.264399
2337 1773836079.343144
2338 1773836079.421410
2339 1773836079.499409
2340 1773836079.579183
2341 1773836079.657676
2342 1773836079.736583
2343 1773836079.815220
2344 1773836079.893746
2345 1773836079.973145
2346 1773836080.051651
2347 1773836080.130060
2348 1773836080.209558
2349 1773836080.288634
2350 1773836080.366889
2351 1773836080.446490
2352 1773836080.525439
2353 1773836080.603339
2354 1773836080.682811
2355 1773836080.761857
2356 1773836080.840264
2357 1773836080.918483
2358 1773836080.997294
2359 1773836081.075595
2360 1773836081.153738
2361 1773836081.231954
2362 1773836081.310622
2363 1773836081.389655
2364 1773836081.467470
2365 1773836081.546540
2366 1773836081.624299
2367 1773836081.703386
2368 1773836081.780657
2369 1773836081.859900
2370 1773836081.938202
2371 1773836082.015533
2372 1773836082.093961
2373 1773836082.172996
2374 1773836082.251273
2375 1773836082.329296
2376 1773836082.407184
2377 1773836082.486272
2378 1773836082.564493
2379 1773836082.643067
2380 1773836082.721462
2381 1773836082.799804
2382 1773836082.877150
2383 1773836082.955433
2384 1773836083.033276
2385 1773836083.111860
2386 1773836083.190734
2387 1773836083.268916
2388 1773836083.347263
2389 1773836083.425673
2390 1773836083.504250
2391 1773836083.582368
2392 1773836083.661182
2393 1773836083.739647
2394 1773836083.818219
2395 1773836083.896130
2396 1773836083.974676
2397 1773836084.052444
2398 1773836084.130613
2399 1773836084.209457
2400 1773836084.288072
2401 1773836084.366065
2402 1773836084.443965
2403 1773836084.522307
2404 1773836084.600081
2405 1773836084.678732
2406 1773836084.757327
2407 1773836084.834817
2408 1773836084.913303
2409 1773836084.992185
2410 1773836085.070414
2411 1773836085.148503
2412 1773836085.227492
2413 1773836085.305358
2414 1773836085.383990
2415 1773836085.461745
2416 1773836085.540118
2417 1773836085.618616
2418 1773836085.696601
2419 1773836085.774309
2420 1773836085.852214
2421 1773836085.931512
2422 1773836086.009279
2423 1773836086.087273
2424 1773836086.165692
2425 1773836086.243710
2426 1773836086.322316
2427 1773836086.401062
2428 1773836086.478729
2429 1773836086.557272
2430 1773836086.634652
2431 1773836086.712923
2432 1773836086.791216
2433 1773836086.869221
2434 1773836086.948030
2435 1773836087.025721
2436 1773836087.104154
2437 1773836087.181869
2438 1773836087.259904
2439 1773836087.338192
2440 1773836087.416763
2441 1773836087.494441
2442 1773836087.573099
2443 1773836087.650509
2444 1773836087.729238
2445 1773836087.808161
2446 1773836087.886295
2447 1773836087.964449
2448 1773836088.042761
2449 1773836088.120786
2450 1773836088.199888
2451 1773836088.277472
2452 1773836088.355934
2453 1773836088.434936
2454 1773836088.512527
2455 1773836088.590573
2456 1773836088.669945
2457 1773836088.747390
2458 1773836088.825922
2459 1773836088.903945
2460 1773836088.982597
2461 1773836089.060481
2462 1773836089.138647
2463 1773836089.217234
2464 1773836089.295141
2465 1773836089.373045
2466 1773836089.451332
2467 1773836089.529807
2468 1773836089.607925
2469 1773836089.685977
2470 1773836089.764829
2471 1773836089.842868
2472 1773836089.920305
2473 1773836089.998765
2474 1773836090.077102
2475 1773836090.155926
2476 1773836090.233311
2477 1773836090.312165
2478 1773836090.390806
2479 1773836090.469454
2480 1773836090.548812
2481 1773836090.626353
2482 1773836090.705929
2483 1773836090.784327
2484 1773836090.863039
2485 1773836090.940716
2486 1773836091.019693
2487 1773836091.097327
2488 1773836091.176236
2489 1773836091.254632
2490 1773836091.333174
2491 1773836091.411095
2492 1773836091.489545
2493 1773836091.568804
2494 1773836091.647245
2495 1773836091.725215
2496 1773836091.803143
2497 1773836091.881453
2498 1773836091.959994
2499 1773836092.038073
2500 1773836092.116528
2501 1773836092.194474
2502 1773836092.272317
2503 1773836092.351002
2504 1773836092.428942
2505 1773836092.507141
2506 1773836092.585209
2507 1773836092.664097
2508 1773836092.742426
2509 1773836092.819490
2510 1773836092.898570
2511 1773836092.976469
2512 1773836093.054473
2513 1773836093.132984
2514 1773836093.211456
2515 1773836093.288929
2516 1773836093.368001
2517 1773836093.445054
2518 1773836093.523855
2519 1773836093.602293
2520 1773836093.679734
2521 1773836093.757658
2522 1773836093.836644
2523 1773836093.914649
2524 1773836093.992513
2525 1773836094.069984
2526 1773836094.148155
2527 1773836094.227119
2528 1773836094.304948
2529 1773836094.383267
2530 1773836094.461491
2531 1773836094.540277
2532 1773836094.618462
2533 1773836094.696655
2534 1773836094.774887
2535 1773836094.852834
2536 1773836094.932153
2537 1773836095.010088
2538 1773836095.088792
2539 1773836095.167159
2540 1773836095.245502
2541 1773836095.323252
2542 1773836095.401524
2543 1773836095.478960
2544 1773836095.558146
2545 1773836095.636447
2546 1773836095.714528
2547 1773836095.792479
2548 1773836095.870546
2549 1773836095.948846
2550 1773836096.027668
2551 1773836096.105000
2552 1773836096.184226
2553 1773836096.261826
2554 1773836096.340366
2555 1773836096.419202
2556 1773836096.496605
2557 1773836096.574969
2558 1773836096.653009
2559 1773836096.731175
2560 1773836096.809573
2561 1773836096.888624
2562 1773836096.967022
2563 1773836097.044936
2564 1773836097.123029
2565 1773836097.201466
2566 1773836097.279726
2567 1773836097.357995
2568 1773836097.436102
2569 1773836097.514610
2570 1773836097.592311
2571 1773836097.670546
2572 1773836097.749247
2573 1773836097.826537
2574 1773836097.904953
2575 1773836097.983513
2576 1773836098.062014
2577 1773836098.139852
2578 1773836098.217967
2579 1773836098.296316
2580 1773836098.374690
2581 1773836098.452421
2582 1773836098.530415
2583 1773836098.608617
2584 1773836098.687254
2585 1773836098.764915
2586 1773836098.843849
2587 1773836098.922289
2588 1773836098.999843
2589 1773836099.078139
2590 1773836099.157482
2591 1773836099.235936
2592 1773836099.314258
2593 1773836099.392426
2594 1773836099.470789
2595 1773836099.548460
2596 1773836099.627699
2597 1773836099.705780
2598 1773836099.783389
2599 1773836099.861963
2600 1773836099.940674
2601 1773836100.019553
2602 1773836100.098101
2603 1773836100.176004
2604 1773836100.255122
2605 1773836100.333546
2606 1773836100.412612
2607 1773836100.491004
2608 1773836100.569534
2609 1773836100.648137
2610 1773836100.727755
2611 1773836100.805997
2612 1773836100.885126
2613 1773836100.964412
2614 1773836101.042665
2615 1773836101.120323
2616 1773836101.199637
2617 1773836101.278090
2618 1773836101.355564
2619 1773836101.433415
2620 1773836101.511428
2621 1773836101.590057
2622 1773836101.668009
2623 1773836101.745811
2624 1773836101.823963
2625 1773836101.902476
2626 1773836101.980676
2627 1773836102.058879
2628 1773836102.136026
2629 1773836102.215145
2630 1773836102.292341
2631 1773836102.370643
2632 1773836102.448853
2633 1773836102.526964
2634 1773836102.605560
2635 1773836102.682854
2636 1773836102.761056
2637 1773836102.839651
2638 1773836102.917461
2639 1773836102.995842
2640 1773836103.074131
2641 1773836103.152879
2642 1773836103.230504
2643 1773836103.308763
2644 1773836103.386894
2645 1773836103.464638
2646 1773836103.542222
2647 1773836103.620709
2648 1773836103.697968
2649 1773836103.776501
2650 1773836103.854191
2651 1773836103.933063
2652 1773836104.010500
2653 1773836104.088813
2654 1773836104.166799
2655 1773836104.245537
2656 1773836104.323776
2657 1773836104.401135
2658 1773836104.479370
2659 1773836104.558351
2660 1773836104.636131
2661 1773836104.713935
2662 1773836104.792482
2663 1773836104.870595
2664 1773836104.948399
2665 1773836105.026544
2666 1773836105.103756
2667 1773836105.181689
2668 1773836105.259553
2669 1773836105.338424
2670 1773836105.415602
2671 1773836105.494300
2672 1773836105.572193
2673 1773836105.650041
2674 1773836105.729290
2675 1773836105.808280
2676 1773836105.886706
2677 1773836105.964715
2678 1773836106.043627
2679 1773836106.122778
2680 1773836106.200404
2681 1773836106.279570
2682 1773836106.358032
2683 1773836106.436868
2684 1773836106.514730
2685 1773836106.593128
2686 1773836106.670643
2687 1773836106.748869
2688 1773836106.827353
2689 1773836106.904714
2690 1773836106.983099
2691 1773836107.061096
2692 1773836107.138958
2693 1773836107.216810
2694 1773836107.295570
2695 1773836107.373335
2696 1773836107.451519
2697 1773836107.529409
2698 1773836107.607795
2699 1773836107.685759
2700 1773836107.763343
2701 1773836107.841569
2702 1773836107.919140
2703 1773836107.996860
2704 1773836108.074944
2705 1773836108.152911
2706 1773836108.231118
2707 1773836108.309133
2708 1773836108.386054
2709 1773836108.464689
2710 1773836108.542142
2711 1773836108.620050
2712 1773836108.698029
2713 1773836108.776531
2714 1773836108.853642
2715 1773836108.931678
2716 1773836109.010236
2717 1773836109.088474
2718 1773836109.166320
2719 1773836109.244395
2720 1773836109.322249
2721 1773836109.400297
2722 1773836109.478604
2723 1773836109.556868
2724 1773836109.634266
2725 1773836109.712998
2726 1773836109.791029
2727 1773836109.869750
2728 1773836109.948159
2729 1773836110.026830
2730 1773836110.105169
2731 1773836110.183409
2732 1773836110.261805
2733 1773836110.340349
2734 1773836110.417855
2735 1773836110.496052
2736 1773836110.575296
2737 1773836110.653520
2738 1773836110.732076
2739 1773836110.809659
2740 1773836110.888113
2741 1773836110.965746
2742 1773836111.043679
2743 1773836111.122293
2744 1773836111.200228
2745 1773836111.278226
2746 1773836111.356452
2747 1773836111.433753
2748 1773836111.512508
2749 1773836111.591051
2750 1773836111.668922
2751 1773836111.747298
2752 1773836111.825772
2753 1773836111.903969
2754 1773836111.982611
2755 1773836112.061251
2756 1773836112.139349
2757 1773836112.218206
2758 1773836112.295804
2759 1773836112.375049
2760 1773836112.453061
2761 1773836112.530882
2762 1773836112.609564
2763 1773836112.687490
2764 1773836112.766279
2765 1773836112.844431
2766 1773836112.922614
2767 1773836113.000766
2768 1773836113.078430
2769 1773836113.156378
2770 1773836113.234783
2771 1773836113.312611
2772 1773836113.391265
2773 1773836113.468759
2774 1773836113.546832
2775 1773836113.626002
2776 1773836113.703418
2777 1773836113.781884
2778 1773836113.860849
2779 1773836113.939328
2780 1773836114.017043
2781 1773836114.096404
2782 1773836114.174301
2783 1773836114.252379
2784 1773836114.331532
2785 1773836114.410020
2786 1773836114.488070
2787 1773836114.566976
2788 1773836114.644801
2789 1773836114.723131
2790 1773836114.801441
2791 1773836114.879687
2792 1773836114.958035
2793 1773836115.035356
2794 1773836115.113993
2795 1773836115.191454
2796 1773836115.269992
2797 1773836115.347934
2798 1773836115.426345
2799 1773836115.504555
2800 1773836115.581966
2801 1773836115.660282
2802 1773836115.739271
2803 1773836115.816884
2804 1773836115.894829
2805 1773836115.973034
2806 1773836116.051546
2807 1773836116.129390
2808 1773836116.207425
2809 1773836116.285419
2810 1773836116.364225
2811 1773836116.441485
2812 1773836116.519881
2813 1773836116.598112
2814 1773836116.675660
2815 1773836116.754354
2816 1773836116.832790
2817 1773836116.910476
2818 1773836116.989126
2819 1773836117.066237
2820 1773836117.145282
2821 1773836117.222812
2822 1773836117.301437
2823 1773836117.378948
2824 1773836117.457692
2825 1773836117.535417
2826 1773836117.613699
2827 1773836117.691800
2828 1773836117.769788
2829 1773836117.847394
2830 1773836117.925712
2831 1773836118.004048
2832 1773836118.081903
2833 1773836118.159229
2834 1773836118.237702
2835 1773836118.315897
2836 1773836118.393246
2837 1773836118.471958
2838 1773836118.549521
2839 1773836118.627876
2840 1773836118.706043
2841 1773836118.783689
2842 1773836118.862739
2843 1773836118.940883
2844 1773836119.019633
2845 1773836119.097786
2846 1773836119.175878
2847 1773836119.254038
2848 1773836119.331685
2849 1773836119.410144
2850 1773836119.488123
2851 1773836119.566192
2852 1773836119.644785
2853 1773836119.722078
2854 1773836119.800692
2855 1773836119.878941
2856 1773836119.956608
2857 1773836120.034739
2858 1773836120.113395
2859 1773836120.191676
2860 1773836120.269758
2861 1773836120.347392
2862 1773836120.426209
2863 1773836120.504056
2864 1773836120.582283
2865 1773836120.660609
2866 1773836120.738879
2867 1773836120.816484
2868 1773836120.894952
2869 1773836120.973253
2870 1773836121.051710
2871 1773836121.129836
2872 1773836121.207939
2873 1773836121.285785
2874 1773836121.364603
2875 1773836121.442711
2876 1773836121.521472
2877 1773836121.598942
2878 1773836121.677341
2879 1773836121.756371
2880 1773836121.833931
2881 1773836121.912333
2882 1773836121.990344
2883 1773836122.068425
2884 1773836122.146616
2885 1773836122.224908
2886 1773836122.303319
2887 1773836122.382157
2888 1773836122.459417
2889 1773836122.537782
2890 1773836122.616014
2891 1773836122.694550
2892 1773836122.771827
2893 1773836122.850710
2894 1773836122.927924
2895 1773836123.006845
2896 1773836123.084612
2897 1773836123.162959
2898 1773836123.240154
2899 1773836123.319045
2900 1773836123.397110
2901 1773836123.474197
2902 1773836123.552948
2903 1773836123.630885
2904 1773836123.708697
2905 1773836123.785955
2906 1773836123.864772
2907 1773836123.942865
2908 1773836124.020308
2909 1773836124.098824
2910 1773836124.176939
2911 1773836124.254274
2912 1773836124.332623
2913 1773836124.410654
2914 1773836124.488605
2915 1773836124.566469
2916 1773836124.644796
2917 1773836124.723010
2918 1773836124.800594
2919 1773836124.878749
2920 1773836124.956882
2921 1773836125.034924
2922 1773836125.113038
2923 1773836125.191402
2924 1773836125.268539
2925 1773836125.346703
2926 1773836125.425398
2927 1773836125.502920
2928 1773836125.581931
2929 1773836125.658926
2930 1773836125.737718
2931 1773836125.815792
2932 1773836125.892758
2933 1773836125.971445
2934 1773836126.049910
2935 1773836126.127758
2936 1773836126.206210
2937 1773836126.283670
2938 1773836126.362407
2939 1773836126.439939
2940 1773836126.518400
2941 1773836126.596898
2942 1773836126.674704
2943 1773836126.753024
2944 1773836126.831223
2945 1773836126.909274
2946 1773836126.987314
2947 1773836127.065278
2948 1773836127.143228
2949 1773836127.221093
2950 1773836127.298985
2951 1773836127.377332
2952 1773836127.455841
2953 1773836127.533226
2954 1773836127.612433
2955 1773836127.690185
2956 1773836127.767858
2957 1773836127.846500
2958 1773836127.924202
2959 1773836128.002412
2960 1773836128.080805
2961 1773836128.158741
2962 1773836128.237213
2963 1773836128.314962
2964 1773836128.393542
2965 1773836128.472088
2966 1773836128.549501
2967 1773836128.628284
2968 1773836128.706222
2969 1773836128.784488
2970 1773836128.862083
2971 1773836128.939797
2972 1773836129.018512
2973 1773836129.096684
2974 1773836129.173810
2975 1773836129.251852
2976 1773836129.330429
2977 1773836129.408105
2978 1773836129.485778
2979 1773836129.564197
2980 1773836129.642557
2981 1773836129.721017
2982 1773836129.798721
2983 1773836129.876791
2984 1773836129.955991
2985 1773836130.034011
2986 1773836130.112425
2987 1773836130.190354
2988 1773836130.268700
2989 1773836130.346761
2990 1773836130.425185
2991 1773836130.502334
2992 1773836130.581534
2993 1773836130.658487
2994 1773836130.736964
2995 1773836130.814761
2996 1773836130.892906
2997 1773836130.971376
2998 1773836131.049666
2999 1773836131.128801
3000 1773836131.207174
3001 1773836131.284937
3002 1773836131.362274
3003 1773836131.440664
3004 1773836131.519155
3005 1773836131.597160
3006 1773836131.674816
3007 1773836131.752774
3008 1773836131.830614
3009 1773836131.908668
3010 1773836131.986544
3011 1773836132.064156
3012 1773836132.142679
3013 1773836132.220213
3014 1773836132.298966
3015 1773836132.376248
3016 1773836132.454674
3017 1773836132.532432
3018 1773836132.610619
3019 1773836132.688788
3020 1773836132.766841
3021 1773836132.845444
3022 1773836132.923851
3023 1773836133.001885
3024 1773836133.079434
3025 1773836133.157592
3026 1773836133.235451
3027 1773836133.314543
3028 1773836133.391879
3029 1773836133.470682
3030 1773836133.549047
3031 1773836133.626903
3032 1773836133.705142
3033 1773836133.783055
3034 1773836133.861354
3035 1773836133.939390
3036 1773836134.017806
3037 1773836134.096025
3038 1773836134.173748
3039 1773836134.250708
3040 1773836134.329371
3041 1773836134.406491
3042 1773836134.485035
3043 1773836134.562572
3044 1773836134.640399
3045 1773836134.718672
3046 1773836134.795872
3047 1773836134.873873
3048 1773836134.952311
3049 1773836135.029231
3050 1773836135.108000
3051 1773836135.185124
3052 1773836135.262665
3053 1773836135.341119
3054 1773836135.418233
3055 1773836135.496500
3056 1773836135.573877
3057 1773836135.651752
3058 1773836135.730317
3059 1773836135.808184
3060 1773836135.885726
3061 1773836135.964714
3062 1773836136.041915
3063 1773836136.120188
3064 1773836136.198840
3065 1773836136.275984
3066 1773836136.354355
3067 1773836136.432091
3068 1773836136.510398
3069 1773836136.587753
3070 1773836136.665870
3071 1773836136.743779
3072 1773836136.821916
3073 1773836136.900171
3074 1773836136.978302
3075 1773836137.055879
3076 1773836137.134204
3077 1773836137.211992
3078 1773836137.289437
3079 1773836137.368068
3080 1773836137.445937
3081 1773836137.523806
3082 1773836137.602087
3083 1773836137.679585
3084 1773836137.757890
3085 1773836137.835718
3086 1773836137.913843
3087 1773836137.991787
3088 1773836138.069040
3089 1773836138.147833
3090 1773836138.225065
3091 1773836138.303657
3092 1773836138.381194
3093 1773836138.458452
3094 1773836138.536733
3095 1773836138.613653
3096 1773836138.692123
3097 1773836138.768922
3098 1773836138.846734
3099 1773836138.924775
3100 1773836139.002179
3101 1773836139.080669
3102 1773836139.157759
3103 1773836139.235809
3104 1773836139.314046
3105 1773836139.391804
3106 1773836139.470157
3107 1773836139.548413
3108 1773836139.626068
3109 1773836139.704160
3110 1773836139.781908
3111 1773836139.860793
3112 1773836139.938082
3113 1773836140.016293
3114 1773836140.093902
3115 1773836140.172029
3116 1773836140.249893
3117 1773836140.328583
3118 1773836140.405780
3119 1773836140.483802
3120 1773836140.561878
3121 1773836140.639718
3122 1773836140.717078
3123 1773836140.794779
3124 1773836140.872445
3125 1773836140.951151
3126 1773836141.028529
3127 1773836141.106262
3128 1773836141.183743
3129 1773836141.262144
3130 1773836141.339687
3131 1773836141.417533
3132 1773836141.495194
3133 1773836141.573338
3134 1773836141.650971
3135 1773836141.729710
3136 1773836141.806553
3137 1773836141.884900
3138 1773836141.962314
3139 1773836142.040052
3140 1773836142.118555
3141 1773836142.196898
3142 1773836142.274517
3143 1773836142.352063
3144 1773836142.430597
3145 1773836142.508815
3146 1773836142.586180
3147 1773836142.664466
3148 1773836142.742617
3149 1773836142.821441
3150 1773836142.899198
3151 1773836142.978055
3152 1773836143.056319
3153 1773836143.133586
3154 1773836143.212165
3155 1773836143.289310
3156 1773836143.367885
3157 1773836143.445699
3158 1773836143.523816
3159 1773836143.601345
3160 1773836143.679958
3161 1773836143.758019
3162 1773836143.836450
3163 1773836143.914315
3164 1773836143.992228
3165 1773836144.071113
