# scan_index timestamp_seconds
0 1774265766.515001
1 1774265766.651311
2 1774265766.715578
3 1774265766.801871
4 1774265766.896124
5 1774265766.990265
6 1774265767.083562
7 1774265767.177076
8 1774265767.270847
9 1774265767.364680
10 1774265767.458018
11 1774265767.551296
12 1774265767.645258
13 1774265767.737906
14 1774265767.830587
15 1774265767.923173
16 1774265768.015148
17 1774265768.108455
18 1774265768.201460
19 1774265768.293433
20 1774265768.386976
21 1774265768.479034
22 1774265768.572152
23 1774265768.664043
24 1774265768.757498
25 1774265768.849957
26 1774265768.942578
27 1774265769.035231
28 1774265769.128131
29 1774265769.220235
30 1774265769.313069
31 1774265769.405884
32 1774265769.497590
33 1774265769.589815
34 1774265769.681962
35 1774265769.774093
36 1774265769.865751
37 1774265769.956968
38 1774265770.049554
39 1774265770.141447
40 1774265770.235197
41 1774265770.327461
42 1774265770.419716
43 1774265770.511340
44 1774265770.603598
45 1774265770.695998
46 1774265770.787990
47 1774265770.880504
48 1774265770.972939
49 1774265771.065236
50 1774265771.158399
51 1774265771.251500
52 1774265771.344301
53 1774265771.436872
54 1774265771.529362
55 1774265771.622261
56 1774265771.714619
57 1774265771.806963
58 1774265771.899601
59 1774265771.992791
60 1774265772.085414
61 1774265772.178532
62 1774265772.271576
63 1774265772.365134
64 1774265772.456966
65 1774265772.549764
66 1774265772.642630
67 1774265772.734152
68 1774265772.827494
69 1774265772.919740
70 1774265773.011149
71 1774265773.104175
72 1774265773.195569
73 1774265773.288728
74 1774265773.381667
75 1774265773.473723
76 1774265773.565693
77 1774265773.657305
78 1774265773.750477
79 1774265773.842532
80 1774265773.935152
81 1774265774.028702
82 1774265774.121649
83 1774265774.214068
84 1774265774.308013
85 1774265774.400716
86 1774265774.493566
87 1774265774.587409
88 1774265774.679974
89 1774265774.772991
90 1774265774.866308
91 1774265774.959257
92 1774265775.051628
93 1774265775.145187
94 1774265775.238083
95 1774265775.331130
96 1774265775.423431
97 1774265775.516981
98 1774265775.609192
99 1774265775.701966
100 1774265775.794204
101 1774265775.887003
102 1774265775.980098
103 1774265776.071570
104 1774265776.163861
105 1774265776.256843
106 1774265776.349975
107 1774265776.441779
108 1774265776.534669
109 1774265776.628190
110 1774265776.720880
111 1774265776.813380
112 1774265776.905564
113 1774265776.998403
114 1774265777.091201
115 1774265777.183349
116 1774265777.275720
117 1774265777.366864
118 1774265777.458718
119 1774265777.550693
120 1774265777.642654
121 1774265777.735179
122 1774265777.826819
123 1774265777.918801
124 1774265778.010054
125 1774265778.103097
126 1774265778.194989
127 1774265778.287726
128 1774265778.379455
129 1774265778.471578
130 1774265778.563697
131 1774265778.655736
132 1774265778.747080
133 1774265778.839649
134 1774265778.931410
135 1774265779.023859
136 1774265779.116217
137 1774265779.208276
138 1774265779.300681
139 1774265779.393576
140 1774265779.485478
141 1774265779.577355
142 1774265779.669315
143 1774265779.762615
144 1774265779.854996
145 1774265779.946691
146 1774265780.040177
147 1774265780.133722
148 1774265780.226114
149 1774265780.319266
150 1774265780.412228
151 1774265780.505321
152 1774265780.599041
153 1774265780.692876
154 1774265780.785517
155 1774265780.879739
156 1774265780.973195
157 1774265781.066481
158 1774265781.160219
159 1774265781.253770
160 1774265781.346537
161 1774265781.439789
162 1774265781.531733
163 1774265781.624305
164 1774265781.717512
165 1774265781.811240
166 1774265781.903199
167 1774265781.996745
168 1774265782.089892
169 1774265782.183187
170 1774265782.276024
171 1774265782.369257
172 1774265782.462071
173 1774265782.555138
174 1774265782.647801
175 1774265782.740930
176 1774265782.832914
177 1774265782.925586
178 1774265783.017793
179 1774265783.110908
180 1774265783.204263
181 1774265783.297296
182 1774265783.390796
183 1774265783.482766
184 1774265783.576107
185 1774265783.669272
186 1774265783.761073
187 1774265783.854478
188 1774265783.946718
189 1774265784.039782
190 1774265784.132383
191 1774265784.224761
192 1774265784.317659
193 1774265784.410408
194 1774265784.504115
195 1774265784.596325
196 1774265784.689783
197 1774265784.783154
198 1774265784.875176
199 1774265784.967668
200 1774265785.059883
201 1774265785.151869
202 1774265785.244624
203 1774265785.336427
204 1774265785.428330
205 1774265785.521240
206 1774265785.612938
207 1774265785.705495
208 1774265785.797982
209 1774265785.890369
210 1774265785.982856
211 1774265786.075468
212 1774265786.167525
213 1774265786.260496
214 1774265786.353088
215 1774265786.445991
216 1774265786.537247
217 1774265786.630073
218 1774265786.722055
219 1774265786.814475
220 1774265786.905622
221 1774265786.998195
222 1774265787.091110
223 1774265787.182948
224 1774265787.276108
225 1774265787.367389
226 1774265787.459555
227 1774265787.551654
228 1774265787.644175
229 1774265787.735695
230 1774265787.828473
231 1774265787.919769
232 1774265788.012336
233 1774265788.103491
234 1774265788.195840
235 1774265788.288214
236 1774265788.380033
237 1774265788.471242
238 1774265788.563904
239 1774265788.656286
240 1774265788.748142
241 1774265788.840578
242 1774265788.933379
243 1774265789.025295
244 1774265789.117269
245 1774265789.209073
246 1774265789.301666
247 1774265789.393812
248 1774265789.486367
249 1774265789.579651
250 1774265789.672460
251 1774265789.765054
252 1774265789.857856
253 1774265789.949727
254 1774265790.042070
255 1774265790.133959
256 1774265790.226093
257 1774265790.317433
258 1774265790.410012
259 1774265790.501808
260 1774265790.593960
261 1774265790.685714
262 1774265790.777891
263 1774265790.870867
264 1774265790.962586
265 1774265791.055508
266 1774265791.148765
267 1774265791.240949
268 1774265791.333134
269 1774265791.425955
270 1774265791.517300
271 1774265791.610495
272 1774265791.701914
273 1774265791.794446
274 1774265791.886460
275 1774265791.978958
276 1774265792.071854
277 1774265792.163724
278 1774265792.255540
279 1774265792.347067
280 1774265792.438067
281 1774265792.529634
282 1774265792.621629
283 1774265792.712328
284 1774265792.803791
285 1774265792.895364
286 1774265792.987524
287 1774265793.079821
288 1774265793.171836
289 1774265793.263781
290 1774265793.355203
291 1774265793.447131
292 1774265793.538211
293 1774265793.630247
294 1774265793.722021
295 1774265793.814218
296 1774265793.906242
297 1774265793.999054
298 1774265794.090564
299 1774265794.181994
300 1774265794.274450
301 1774265794.367023
302 1774265794.459040
303 1774265794.551526
304 1774265794.644734
305 1774265794.737672
306 1774265794.828799
307 1774265794.921448
308 1774265795.014047
309 1774265795.105753
310 1774265795.197126
311 1774265795.288820
312 1774265795.381059
313 1774265795.471416
314 1774265795.563371
315 1774265795.654275
316 1774265795.745273
317 1774265795.837373
318 1774265795.929437
319 1774265796.020988
320 1774265796.113150
321 1774265796.204808
322 1774265796.297418
323 1774265796.389599
324 1774265796.482519
325 1774265796.573918
326 1774265796.666463
327 1774265796.757514
328 1774265796.849342
329 1774265796.940838
330 1774265797.033650
331 1774265797.126376
332 1774265797.218352
333 1774265797.311325
334 1774265797.402712
335 1774265797.494659
336 1774265797.587651
337 1774265797.680171
338 1774265797.773312
339 1774265797.866380
340 1774265797.958305
341 1774265798.050894
342 1774265798.142753
343 1774265798.234794
344 1774265798.325564
345 1774265798.417545
346 1774265798.509715
347 1774265798.601845
348 1774265798.693835
349 1774265798.785572
350 1774265798.878302
351 1774265798.970247
352 1774265799.063254
353 1774265799.155380
354 1774265799.247286
355 1774265799.338542
356 1774265799.429560
357 1774265799.521394
358 1774265799.613694
359 1774265799.705568
360 1774265799.798269
361 1774265799.889414
362 1774265799.981584
363 1774265800.074234
364 1774265800.168019
365 1774265800.260261
366 1774265800.353060
367 1774265800.445795
368 1774265800.537905
369 1774265800.631336
370 1774265800.723031
371 1774265800.815015
372 1774265800.906786
373 1774265800.998609
374 1774265801.090392
375 1774265801.181730
376 1774265801.273955
377 1774265801.365673
378 1774265801.456798
379 1774265801.548954
380 1774265801.640417
381 1774265801.733105
382 1774265801.825419
383 1774265801.917920
384 1774265802.009867
385 1774265802.103352
386 1774265802.195574
387 1774265802.287903
388 1774265802.380514
389 1774265802.471812
390 1774265802.564372
391 1774265802.656393
392 1774265802.748995
393 1774265802.841288
394 1774265802.933802
395 1774265803.025287
396 1774265803.117594
397 1774265803.209073
398 1774265803.301536
399 1774265803.393693
400 1774265803.485294
401 1774265803.576530
402 1774265803.669000
403 1774265803.761901
404 1774265803.853990
405 1774265803.945476
406 1774265804.037403
407 1774265804.129105
408 1774265804.221432
409 1774265804.313091
410 1774265804.404918
411 1774265804.496961
412 1774265804.588043
413 1774265804.679559
414 1774265804.770931
415 1774265804.862817
416 1774265804.954480
417 1774265805.045726
418 1774265805.137973
419 1774265805.229303
420 1774265805.320508
421 1774265805.412656
422 1774265805.503907
423 1774265805.596843
424 1774265805.688475
425 1774265805.780796
426 1774265805.872311
427 1774265805.964629
428 1774265806.057278
429 1774265806.148412
430 1774265806.240426
431 1774265806.331830
432 1774265806.423395
433 1774265806.514703
434 1774265806.605457
435 1774265806.696699
436 1774265806.788880
437 1774265806.880319
438 1774265806.972354
439 1774265807.064605
440 1774265807.155954
441 1774265807.248386
442 1774265807.340666
443 1774265807.431883
444 1774265807.524612
445 1774265807.616163
446 1774265807.707392
447 1774265807.799416
448 1774265807.891046
449 1774265807.983087
450 1774265808.074590
451 1774265808.165601
452 1774265808.257347
453 1774265808.348553
454 1774265808.441694
455 1774265808.533322
456 1774265808.624846
457 1774265808.716180
458 1774265808.808178
459 1774265808.900567
460 1774265808.992601
461 1774265809.084622
462 1774265809.176532
463 1774265809.268523
464 1774265809.359812
465 1774265809.451881
466 1774265809.544922
467 1774265809.636684
468 1774265809.728825
469 1774265809.819886
470 1774265809.911781
471 1774265810.003909
472 1774265810.095376
473 1774265810.188111
474 1774265810.280026
475 1774265810.371856
476 1774265810.464483
477 1774265810.556398
478 1774265810.648489
479 1774265810.740958
480 1774265810.833176
481 1774265810.924868
482 1774265811.016817
483 1774265811.108997
484 1774265811.200868
485 1774265811.292327
486 1774265811.384103
487 1774265811.475979
488 1774265811.567376
489 1774265811.659339
490 1774265811.750919
491 1774265811.843081
492 1774265811.934594
493 1774265812.026422
494 1774265812.119461
495 1774265812.211393
496 1774265812.303189
497 1774265812.395243
498 1774265812.487479
499 1774265812.579610
500 1774265812.670620
501 1774265812.763098
502 1774265812.854455
503 1774265812.947080
504 1774265813.038538
505 1774265813.131112
506 1774265813.222719
507 1774265813.315460
508 1774265813.407750
509 1774265813.499254
510 1774265813.591218
511 1774265813.683596
512 1774265813.776481
513 1774265813.868961
514 1774265813.961438
515 1774265814.053344
516 1774265814.146021
517 1774265814.238434
518 1774265814.331309
519 1774265814.423650
520 1774265814.516087
521 1774265814.608186
522 1774265814.700658
523 1774265814.793043
524 1774265814.884133
525 1774265814.976388
526 1774265815.068705
527 1774265815.160244
528 1774265815.251986
529 1774265815.343383
530 1774265815.435102
531 1774265815.527735
532 1774265815.619720
533 1774265815.711130
534 1774265815.803744
535 1774265815.895459
536 1774265815.987050
537 1774265816.078653
538 1774265816.170357
539 1774265816.261332
540 1774265816.352883
541 1774265816.445383
542 1774265816.536785
543 1774265816.628915
544 1774265816.720365
545 1774265816.811828
546 1774265816.904075
547 1774265816.996014
548 1774265817.087709
549 1774265817.180344
550 1774265817.272029
551 1774265817.364711
552 1774265817.457177
553 1774265817.549671
554 1774265817.641761
555 1774265817.733737
556 1774265817.826483
557 1774265817.918428
558 1774265818.010957
559 1774265818.103163
560 1774265818.195562
561 1774265818.287872
562 1774265818.379857
563 1774265818.472171
564 1774265818.565194
565 1774265818.657884
566 1774265818.749742
567 1774265818.842071
568 1774265818.933169
569 1774265819.025426
570 1774265819.118519
571 1774265819.210446
572 1774265819.302753
573 1774265819.394852
574 1774265819.487831
575 1774265819.579490
576 1774265819.672396
577 1774265819.764261
578 1774265819.855955
579 1774265819.948781
580 1774265820.041435
581 1774265820.132732
582 1774265820.224929
583 1774265820.316772
584 1774265820.408804
585 1774265820.500174
586 1774265820.592336
587 1774265820.683047
588 1774265820.775102
589 1774265820.866856
590 1774265820.958749
591 1774265821.049760
592 1774265821.141406
593 1774265821.231607
594 1774265821.323070
595 1774265821.414152
596 1774265821.504714
597 1774265821.596838
598 1774265821.688204
599 1774265821.779339
600 1774265821.870931
601 1774265821.962436
602 1774265822.055084
603 1774265822.146731
604 1774265822.238238
605 1774265822.329827
606 1774265822.420008
607 1774265822.511825
608 1774265822.602805
609 1774265822.694092
610 1774265822.786067
611 1774265822.877486
612 1774265822.967859
613 1774265823.059474
614 1774265823.150404
615 1774265823.241668
616 1774265823.334114
617 1774265823.425177
618 1774265823.516855
619 1774265823.607666
620 1774265823.698284
621 1774265823.789927
622 1774265823.881773
623 1774265823.971968
624 1774265824.062850
625 1774265824.154898
626 1774265824.245862
627 1774265824.337048
628 1774265824.427827
629 1774265824.519252
630 1774265824.609781
631 1774265824.701982
632 1774265824.791998
633 1774265824.883189
634 1774265824.973202
635 1774265825.063629
636 1774265825.154462
637 1774265825.245447
638 1774265825.336408
639 1774265825.427179
640 1774265825.517651
641 1774265825.608518
642 1774265825.699569
643 1774265825.790829
644 1774265825.881580
645 1774265825.972103
646 1774265826.063095
647 1774265826.154089
648 1774265826.245543
649 1774265826.336053
650 1774265826.427070
651 1774265826.517698
652 1774265826.608728
653 1774265826.699185
654 1774265826.789400
655 1774265826.880515
656 1774265826.971591
657 1774265827.062278
658 1774265827.152114
