# scan_index timestamp_seconds
0 1774267076.049285
1 1774267076.205001
2 1774267076.274400
3 1774267076.333250
4 1774267076.427342
5 1774267076.521241
6 1774267076.614244
7 1774267076.708084
8 1774267076.800647
9 1774267076.894124
10 1774267076.987382
11 1774267077.081155
12 1774267077.175106
13 1774267077.268416
14 1774267077.362038
15 1774267077.454467
16 1774267077.548024
17 1774267077.640793
18 1774267077.734254
19 1774267077.826577
20 1774267077.919054
21 1774267078.012005
22 1774267078.105083
23 1774267078.197944
24 1774267078.289365
25 1774267078.382193
26 1774267078.473997
27 1774267078.566304
28 1774267078.658951
29 1774267078.750827
30 1774267078.844486
31 1774267078.936123
32 1774267079.028881
33 1774267079.120892
34 1774267079.213098
35 1774267079.305051
36 1774267079.398035
37 1774267079.490461
38 1774267079.583074
39 1774267079.675113
40 1774267079.768590
41 1774267079.861403
42 1774267079.954215
43 1774267080.046547
44 1774267080.139105
45 1774267080.232099
46 1774267080.325403
47 1774267080.418238
48 1774267080.509810
49 1774267080.601763
50 1774267080.693825
51 1774267080.785936
52 1774267080.877440
53 1774267080.968387
54 1774267081.060535
55 1774267081.152700
56 1774267081.244612
57 1774267081.335663
58 1774267081.428158
59 1774267081.519899
60 1774267081.611674
61 1774267081.703225
62 1774267081.796203
63 1774267081.887624
64 1774267081.979503
65 1774267082.072500
66 1774267082.164337
67 1774267082.255998
68 1774267082.348698
69 1774267082.440162
70 1774267082.532771
71 1774267082.624004
72 1774267082.717036
73 1774267082.809608
74 1774267082.901343
75 1774267082.994732
76 1774267083.086422
77 1774267083.179752
78 1774267083.272087
79 1774267083.363728
80 1774267083.456090
81 1774267083.547747
82 1774267083.638903
83 1774267083.731169
84 1774267083.822435
85 1774267083.912766
86 1774267084.004654
87 1774267084.096483
88 1774267084.187518
89 1774267084.278974
90 1774267084.369388
91 1774267084.460441
92 1774267084.551167
93 1774267084.642782
94 1774267084.734171
95 1774267084.825461
96 1774267084.917143
97 1774267085.009166
98 1774267085.100019
99 1774267085.191996
100 1774267085.283419
101 1774267085.375223
102 1774267085.466147
103 1774267085.557733
104 1774267085.648685
105 1774267085.739677
106 1774267085.830541
107 1774267085.921923
108 1774267086.012580
109 1774267086.104567
110 1774267086.195579
111 1774267086.287709
112 1774267086.378412
113 1774267086.470527
114 1774267086.563126
115 1774267086.653842
116 1774267086.745277
117 1774267086.837600
118 1774267086.929075
119 1774267087.020699
120 1774267087.112472
121 1774267087.203712
122 1774267087.294485
123 1774267087.385442
124 1774267087.477869
125 1774267087.569099
126 1774267087.660534
127 1774267087.751606
128 1774267087.843074
129 1774267087.935760
130 1774267088.027909
131 1774267088.118612
132 1774267088.210810
133 1774267088.302268
134 1774267088.394674
135 1774267088.486357
136 1774267088.578993
137 1774267088.670153
138 1774267088.762206
139 1774267088.854077
140 1774267088.946432
141 1774267089.037239
142 1774267089.129843
143 1774267089.221793
144 1774267089.313878
145 1774267089.406145
146 1774267089.497909
147 1774267089.589636
148 1774267089.680508
149 1774267089.772303
150 1774267089.864576
151 1774267089.955670
152 1774267090.048287
153 1774267090.140031
154 1774267090.230579
155 1774267090.322470
156 1774267090.414502
157 1774267090.505515
158 1774267090.597639
159 1774267090.688915
160 1774267090.780776
161 1774267090.871583
162 1774267090.962686
163 1774267091.054748
164 1774267091.146333
165 1774267091.237839
166 1774267091.330143
167 1774267091.421943
168 1774267091.514760
169 1774267091.606080
170 1774267091.698728
171 1774267091.791235
172 1774267091.883935
173 1774267091.975751
174 1774267092.067851
175 1774267092.159943
176 1774267092.251611
177 1774267092.341898
178 1774267092.433969
179 1774267092.525724
180 1774267092.617085
181 1774267092.708149
182 1774267092.799744
183 1774267092.890957
184 1774267092.981558
185 1774267093.073247
186 1774267093.164196
187 1774267093.255076
188 1774267093.346643
189 1774267093.437657
190 1774267093.529172
191 1774267093.620173
192 1774267093.711514
193 1774267093.803783
194 1774267093.895567
195 1774267093.986912
196 1774267094.079315
197 1774267094.171098
198 1774267094.261913
199 1774267094.353824
200 1774267094.444757
201 1774267094.536250
202 1774267094.628126
203 1774267094.719540
204 1774267094.810554
205 1774267094.900834
206 1774267094.991359
207 1774267095.083076
208 1774267095.173302
209 1774267095.264124
210 1774267095.354826
211 1774267095.445861
212 1774267095.536110
213 1774267095.626388
214 1774267095.717524
215 1774267095.808360
216 1774267095.899133
217 1774267095.990717
218 1774267096.082889
219 1774267096.174475
220 1774267096.266739
221 1774267096.358235
222 1774267096.449294
223 1774267096.540287
224 1774267096.631812
225 1774267096.723606
226 1774267096.815130
227 1774267096.906451
228 1774267096.999063
229 1774267097.090694
230 1774267097.182222
231 1774267097.273698
232 1774267097.366002
233 1774267097.457859
234 1774267097.549981
235 1774267097.642759
236 1774267097.733428
237 1774267097.825499
238 1774267097.916443
239 1774267098.007323
240 1774267098.098025
241 1774267098.189396
242 1774267098.280331
243 1774267098.370885
244 1774267098.462644
245 1774267098.553787
246 1774267098.644498
247 1774267098.735821
248 1774267098.828446
249 1774267098.919694
250 1774267099.011249
251 1774267099.103497
252 1774267099.194209
253 1774267099.285695
254 1774267099.376360
255 1774267099.466576
256 1774267099.557470
257 1774267099.648414
258 1774267099.739396
259 1774267099.829880
260 1774267099.920490
261 1774267100.010711
262 1774267100.100623
263 1774267100.190622
264 1774267100.281022
265 1774267100.371819
266 1774267100.462371
267 1774267100.551654
268 1774267100.642854
269 1774267100.734069
270 1774267100.824666
271 1774267100.915994
272 1774267101.008165
273 1774267101.099112
274 1774267101.190560
275 1774267101.282564
276 1774267101.373591
277 1774267101.465985
278 1774267101.558511
279 1774267101.649814
280 1774267101.741979
281 1774267101.833456
282 1774267101.924777
283 1774267102.016063
284 1774267102.107633
285 1774267102.199561
286 1774267102.291262
287 1774267102.383238
288 1774267102.474219
289 1774267102.564708
290 1774267102.655758
291 1774267102.746510
292 1774267102.836622
293 1774267102.927759
294 1774267103.018458
295 1774267103.109709
296 1774267103.200629
297 1774267103.291430
298 1774267103.382991
299 1774267103.474509
300 1774267103.565554
301 1774267103.657257
302 1774267103.748125
303 1774267103.840033
304 1774267103.931025
305 1774267104.021699
306 1774267104.113205
307 1774267104.203671
308 1774267104.295084
309 1774267104.385021
310 1774267104.475552
311 1774267104.565936
312 1774267104.657209
313 1774267104.748784
314 1774267104.840240
315 1774267104.930341
316 1774267105.022110
317 1774267105.113388
318 1774267105.204948
319 1774267105.296714
320 1774267105.387302
321 1774267105.479150
322 1774267105.570373
323 1774267105.661506
324 1774267105.752535
325 1774267105.843824
326 1774267105.934808
327 1774267106.025974
328 1774267106.116582
329 1774267106.207394
330 1774267106.297878
331 1774267106.389122
332 1774267106.479800
333 1774267106.569222
334 1774267106.659834
335 1774267106.750930
336 1774267106.842056
337 1774267106.933253
338 1774267107.025077
339 1774267107.115905
340 1774267107.208205
341 1774267107.298443
342 1774267107.389690
343 1774267107.480791
344 1774267107.571846
345 1774267107.663237
346 1774267107.755328
347 1774267107.846333
348 1774267107.937313
349 1774267108.029300
350 1774267108.120348
351 1774267108.211501
352 1774267108.302473
353 1774267108.393293
354 1774267108.484161
355 1774267108.575899
356 1774267108.666059
357 1774267108.757114
358 1774267108.849022
359 1774267108.939282
360 1774267109.029861
361 1774267109.120378
362 1774267109.210922
363 1774267109.301926
364 1774267109.394179
365 1774267109.484908
366 1774267109.576991
367 1774267109.667272
368 1774267109.759600
369 1774267109.849857
370 1774267109.940946
371 1774267110.032664
372 1774267110.123276
373 1774267110.214384
374 1774267110.305814
375 1774267110.396964
376 1774267110.487306
377 1774267110.578147
378 1774267110.669596
379 1774267110.760686
380 1774267110.852299
381 1774267110.943280
382 1774267111.034339
383 1774267111.125087
384 1774267111.217289
385 1774267111.308252
386 1774267111.399153
387 1774267111.490905
388 1774267111.582131
389 1774267111.673058
390 1774267111.764419
391 1774267111.854755
392 1774267111.946150
393 1774267112.036989
394 1774267112.128359
395 1774267112.219986
396 1774267112.311235
397 1774267112.403030
398 1774267112.495268
399 1774267112.586155
400 1774267112.677511
401 1774267112.768112
402 1774267112.858756
403 1774267112.950142
404 1774267113.041180
405 1774267113.132723
406 1774267113.224585
407 1774267113.316152
408 1774267113.407151
409 1774267113.498075
410 1774267113.589575
411 1774267113.682012
412 1774267113.772339
413 1774267113.863673
414 1774267113.954449
415 1774267114.045886
416 1774267114.136808
417 1774267114.227846
418 1774267114.319125
419 1774267114.410688
420 1774267114.501315
421 1774267114.592505
422 1774267114.684008
423 1774267114.775582
424 1774267114.866168
425 1774267114.957270
426 1774267115.049182
427 1774267115.139826
428 1774267115.230538
429 1774267115.321764
430 1774267115.412511
431 1774267115.504106
432 1774267115.595143
433 1774267115.686155
434 1774267115.777360
435 1774267115.868486
436 1774267115.959251
437 1774267116.050510
438 1774267116.142386
439 1774267116.233810
440 1774267116.324412
441 1774267116.415859
442 1774267116.507495
443 1774267116.598475
444 1774267116.689218
445 1774267116.780465
446 1774267116.871281
447 1774267116.962128
448 1774267117.052757
449 1774267117.144026
450 1774267117.234914
451 1774267117.325051
452 1774267117.415181
453 1774267117.506314
454 1774267117.597761
455 1774267117.688234
456 1774267117.779290
457 1774267117.869810
458 1774267117.960316
459 1774267118.051775
460 1774267118.144093
461 1774267118.235023
462 1774267118.325582
463 1774267118.416534
464 1774267118.507277
465 1774267118.597926
466 1774267118.689288
467 1774267118.780354
468 1774267118.870574
469 1774267118.961925
470 1774267119.053146
471 1774267119.144653
472 1774267119.236056
473 1774267119.327319
474 1774267119.418052
475 1774267119.509600
476 1774267119.599954
477 1774267119.691271
478 1774267119.782633
479 1774267119.874211
480 1774267119.965556
481 1774267120.056113
482 1774267120.145983
483 1774267120.237371
484 1774267120.328426
485 1774267120.419561
486 1774267120.509842
487 1774267120.600978
488 1774267120.692110
489 1774267120.783535
490 1774267120.874493
491 1774267120.965396
492 1774267121.056366
493 1774267121.147893
494 1774267121.238942
495 1774267121.329856
496 1774267121.419777
497 1774267121.511502
498 1774267121.601952
499 1774267121.693326
500 1774267121.783927
501 1774267121.875955
502 1774267121.966097
503 1774267122.057527
504 1774267122.148657
505 1774267122.238966
506 1774267122.330303
507 1774267122.421732
508 1774267122.512626
509 1774267122.603474
510 1774267122.694965
511 1774267122.786311
512 1774267122.877905
513 1774267122.969000
514 1774267123.060087
515 1774267123.150755
516 1774267123.241592
517 1774267123.333097
518 1774267123.423103
519 1774267123.514138
520 1774267123.605604
521 1774267123.696411
522 1774267123.787086
523 1774267123.877886
524 1774267123.969182
525 1774267124.059809
526 1774267124.150476
527 1774267124.240327
528 1774267124.330913
529 1774267124.421501
530 1774267124.511678
531 1774267124.601868
532 1774267124.693157
533 1774267124.783713
534 1774267124.875148
535 1774267124.966802
536 1774267125.057599
537 1774267125.149230
538 1774267125.240408
539 1774267125.332152
540 1774267125.423846
541 1774267125.515422
542 1774267125.606481
543 1774267125.697795
544 1774267125.789061
545 1774267125.879893
546 1774267125.971346
547 1774267126.063685
548 1774267126.155188
549 1774267126.247040
550 1774267126.338126
551 1774267126.428573
552 1774267126.519723
553 1774267126.610745
554 1774267126.701395
555 1774267126.792251
556 1774267126.883816
557 1774267126.975788
558 1774267127.067221
559 1774267127.158733
560 1774267127.250449
561 1774267127.342151
562 1774267127.432593
563 1774267127.523831
564 1774267127.615450
565 1774267127.706198
566 1774267127.796453
567 1774267127.887369
568 1774267127.978913
569 1774267128.069593
570 1774267128.160897
571 1774267128.252352
572 1774267128.344353
573 1774267128.436103
574 1774267128.527498
575 1774267128.617857
576 1774267128.709137
577 1774267128.799714
578 1774267128.890814
579 1774267128.981306
580 1774267129.072084
581 1774267129.163583
582 1774267129.253730
583 1774267129.345203
584 1774267129.435466
585 1774267129.525220
586 1774267129.616182
587 1774267129.706511
588 1774267129.796886
589 1774267129.886972
590 1774267129.978049
591 1774267130.069012
592 1774267130.160048
593 1774267130.250232
594 1774267130.339857
595 1774267130.431061
596 1774267130.521815
597 1774267130.612532
598 1774267130.704274
599 1774267130.794688
600 1774267130.884154
601 1774267130.974237
602 1774267131.064755
603 1774267131.155362
604 1774267131.244650
605 1774267131.334993
606 1774267131.424968
607 1774267131.514466
608 1774267131.604078
609 1774267131.693243
610 1774267131.783267
611 1774267131.871783
612 1774267131.962009
613 1774267132.052160
614 1774267132.142118
615 1774267132.232304
616 1774267132.323310
617 1774267132.414498
618 1774267132.504220
619 1774267132.595200
620 1774267132.685236
621 1774267132.775209
622 1774267132.866017
623 1774267132.956690
624 1774267133.046793
625 1774267133.136902
626 1774267133.227207
627 1774267133.316866
628 1774267133.407226
629 1774267133.496931
630 1774267133.587532
631 1774267133.678687
632 1774267133.768635
633 1774267133.860264
634 1774267133.950363
635 1774267134.041420
636 1774267134.132781
637 1774267134.223760
638 1774267134.315165
639 1774267134.406119
640 1774267134.496460
641 1774267134.588284
642 1774267134.678080
643 1774267134.769294
644 1774267134.860816
645 1774267134.951961
646 1774267135.043260
647 1774267135.134007
648 1774267135.225384
649 1774267135.316489
650 1774267135.408483
651 1774267135.499968
652 1774267135.591097
653 1774267135.682178
654 1774267135.773060
655 1774267135.864246
656 1774267135.956768
657 1774267136.048653
658 1774267136.139675
659 1774267136.231804
660 1774267136.323355
661 1774267136.414644
662 1774267136.506449
663 1774267136.599113
664 1774267136.689965
665 1774267136.781395
666 1774267136.873034
667 1774267136.964268
668 1774267137.055031
669 1774267137.146231
670 1774267137.238102
671 1774267137.329035
672 1774267137.420824
673 1774267137.512104
674 1774267137.603483
675 1774267137.695636
676 1774267137.786620
677 1774267137.878966
678 1774267137.970725
679 1774267138.061630
680 1774267138.152561
681 1774267138.243204
682 1774267138.334575
683 1774267138.425644
684 1774267138.516082
685 1774267138.607139
686 1774267138.698245
687 1774267138.789262
688 1774267138.879454
689 1774267138.970910
690 1774267139.061445
691 1774267139.153462
692 1774267139.244723
693 1774267139.337030
694 1774267139.427361
695 1774267139.518967
696 1774267139.610553
697 1774267139.701369
698 1774267139.792761
699 1774267139.884026
700 1774267139.974817
701 1774267140.067140
702 1774267140.158710
703 1774267140.250333
704 1774267140.342122
705 1774267140.432723
706 1774267140.525100
707 1774267140.616131
708 1774267140.707474
709 1774267140.799109
710 1774267140.890886
711 1774267140.981640
712 1774267141.073169
713 1774267141.164503
714 1774267141.255517
715 1774267141.346044
716 1774267141.436313
717 1774267141.526756
718 1774267141.616907
719 1774267141.707479
720 1774267141.798315
721 1774267141.889721
722 1774267141.980284
723 1774267142.071889
724 1774267142.162517
725 1774267142.253968
726 1774267142.344890
727 1774267142.436148
728 1774267142.526689
729 1774267142.617328
730 1774267142.708099
731 1774267142.798793
732 1774267142.889244
733 1774267142.978920
734 1774267143.068964
735 1774267143.159653
736 1774267143.249260
737 1774267143.338554
738 1774267143.428121
739 1774267143.518472
740 1774267143.607320
741 1774267143.697394
742 1774267143.788020
743 1774267143.877883
744 1774267143.968382
745 1774267144.058208
746 1774267144.148803
747 1774267144.238225
748 1774267144.328123
749 1774267144.418332
750 1774267144.508626
751 1774267144.598306
752 1774267144.689063
753 1774267144.778258
754 1774267144.869388
755 1774267144.958784
756 1774267145.048930
757 1774267145.138337
758 1774267145.229128
759 1774267145.318931
760 1774267145.409488
761 1774267145.500179
762 1774267145.589730
763 1774267145.680193
764 1774267145.769317
765 1774267145.859821
766 1774267145.950374
767 1774267146.040496
768 1774267146.131166
769 1774267146.223174
770 1774267146.314380
771 1774267146.405407
772 1774267146.497145
773 1774267146.588520
774 1774267146.679797
775 1774267146.770375
776 1774267146.862945
777 1774267146.952987
778 1774267147.044852
779 1774267147.135729
780 1774267147.227174
781 1774267147.317731
782 1774267147.408021
783 1774267147.499995
784 1774267147.590505
785 1774267147.682389
786 1774267147.773008
787 1774267147.863461
788 1774267147.955250
789 1774267148.046485
790 1774267148.137273
791 1774267148.227777
792 1774267148.318586
793 1774267148.409047
794 1774267148.499730
795 1774267148.590565
796 1774267148.680269
797 1774267148.771341
798 1774267148.861207
799 1774267148.951614
800 1774267149.042669
801 1774267149.133032
802 1774267149.224065
803 1774267149.315468
804 1774267149.405637
805 1774267149.496276
806 1774267149.587319
807 1774267149.677069
808 1774267149.767156
809 1774267149.857153
810 1774267149.947136
811 1774267150.037366
812 1774267150.127182
813 1774267150.217538
814 1774267150.306880
815 1774267150.396334
816 1774267150.486878
817 1774267150.577173
818 1774267150.666853
819 1774267150.757839
820 1774267150.847662
821 1774267150.937556
822 1774267151.028585
823 1774267151.118640
824 1774267151.207888
825 1774267151.298360
826 1774267151.389599
827 1774267151.478803
828 1774267151.569118
829 1774267151.659863
830 1774267151.749847
831 1774267151.840491
832 1774267151.931301
833 1774267152.021934
834 1774267152.113566
835 1774267152.204296
836 1774267152.295044
837 1774267152.386087
838 1774267152.476586
839 1774267152.568162
840 1774267152.658547
841 1774267152.750181
842 1774267152.840201
843 1774267152.930824
844 1774267153.022126
845 1774267153.112473
846 1774267153.204065
847 1774267153.295654
848 1774267153.386506
849 1774267153.478361
850 1774267153.569398
851 1774267153.660932
852 1774267153.753121
853 1774267153.845017
854 1774267153.935625
855 1774267154.027270
856 1774267154.118115
857 1774267154.208933
858 1774267154.300458
859 1774267154.390553
860 1774267154.481090
861 1774267154.572193
862 1774267154.662204
863 1774267154.752525
864 1774267154.843072
865 1774267154.933791
866 1774267155.024141
867 1774267155.114195
868 1774267155.203545
869 1774267155.294411
870 1774267155.384119
871 1774267155.474312
872 1774267155.564779
873 1774267155.654447
874 1774267155.745122
875 1774267155.834832
876 1774267155.924257
877 1774267156.014129
878 1774267156.103054
879 1774267156.192276
880 1774267156.282718
881 1774267156.371326
882 1774267156.461647
883 1774267156.551508
884 1774267156.641443
885 1774267156.732163
886 1774267156.822450
887 1774267156.913194
888 1774267157.004256
889 1774267157.094544
890 1774267157.185971
891 1774267157.277252
892 1774267157.367822
893 1774267157.459240
894 1774267157.549947
895 1774267157.640629
896 1774267157.731645
897 1774267157.821517
898 1774267157.911488
899 1774267158.001898
900 1774267158.092056
901 1774267158.182797
902 1774267158.274270
903 1774267158.363843
904 1774267158.454199
905 1774267158.545215
906 1774267158.635566
907 1774267158.726516
908 1774267158.817398
909 1774267158.907605
910 1774267158.999067
911 1774267159.089820
912 1774267159.179560
913 1774267159.270185
914 1774267159.361755
915 1774267159.452181
916 1774267159.541131
917 1774267159.631704
918 1774267159.721965
919 1774267159.812012
920 1774267159.902774
921 1774267159.993038
922 1774267160.083534
923 1774267160.173569
924 1774267160.264071
925 1774267160.354623
926 1774267160.444548
927 1774267160.535054
928 1774267160.625491
929 1774267160.715117
930 1774267160.806006
931 1774267160.896413
932 1774267160.986128
933 1774267161.076718
934 1774267161.166662
935 1774267161.256748
936 1774267161.346192
937 1774267161.436863
938 1774267161.526713
939 1774267161.617276
940 1774267161.707828
941 1774267161.798104
942 1774267161.888399
943 1774267161.978852
944 1774267162.068457
945 1774267162.159131
946 1774267162.249284
947 1774267162.339121
948 1774267162.429211
949 1774267162.518257
950 1774267162.609089
951 1774267162.698272
952 1774267162.787386
953 1774267162.877412
954 1774267162.966604
955 1774267163.055903
956 1774267163.145504
957 1774267163.235001
958 1774267163.323704
959 1774267163.413472
960 1774267163.503089
961 1774267163.592186
962 1774267163.681554
963 1774267163.770973
964 1774267163.860336
965 1774267163.949427
966 1774267164.040048
967 1774267164.129384
968 1774267164.219224
969 1774267164.309224
970 1774267164.398646
971 1774267164.487969
972 1774267164.577664
973 1774267164.666353
974 1774267164.755865
975 1774267164.845122
976 1774267164.935213
977 1774267165.025159
978 1774267165.114125
979 1774267165.204189
980 1774267165.294410
981 1774267165.383969
982 1774267165.474228
983 1774267165.564525
984 1774267165.655559
985 1774267165.746061
986 1774267165.835883
987 1774267165.926815
988 1774267166.018447
989 1774267166.108206
990 1774267166.199601
991 1774267166.290526
992 1774267166.381389
993 1774267166.471916
994 1774267166.562689
995 1774267166.654303
996 1774267166.745544
997 1774267166.836313
998 1774267166.926640
999 1774267167.017555
1000 1774267167.108957
1001 1774267167.199784
1002 1774267167.291873
1003 1774267167.383108
1004 1774267167.474178
1005 1774267167.565190
1006 1774267167.655575
1007 1774267167.747033
1008 1774267167.838278
1009 1774267167.928490
1010 1774267168.020572
1011 1774267168.110659
1012 1774267168.201699
1013 1774267168.293154
1014 1774267168.383495
1015 1774267168.474943
1016 1774267168.565981
1017 1774267168.657304
1018 1774267168.748801
1019 1774267168.839989
1020 1774267168.931014
1021 1774267169.022309
1022 1774267169.113991
1023 1774267169.205376
1024 1774267169.296655
1025 1774267169.387951
1026 1774267169.478670
1027 1774267169.568911
1028 1774267169.659938
1029 1774267169.750828
1030 1774267169.841423
1031 1774267169.932688
1032 1774267170.023347
1033 1774267170.115133
1034 1774267170.206648
1035 1774267170.297275
1036 1774267170.389266
1037 1774267170.480082
1038 1774267170.570424
1039 1774267170.661264
1040 1774267170.752323
1041 1774267170.842441
1042 1774267170.933229
1043 1774267171.023656
1044 1774267171.114061
1045 1774267171.205528
1046 1774267171.295682
1047 1774267171.385453
1048 1774267171.476001
1049 1774267171.566524
1050 1774267171.657752
1051 1774267171.748725
1052 1774267171.838799
1053 1774267171.928705
1054 1774267172.018874
1055 1774267172.109245
1056 1774267172.200789
1057 1774267172.291097
1058 1774267172.382444
1059 1774267172.473488
1060 1774267172.564731
1061 1774267172.656149
1062 1774267172.746949
1063 1774267172.837825
1064 1774267172.928041
1065 1774267173.018179
1066 1774267173.108533
1067 1774267173.198641
1068 1774267173.289482
1069 1774267173.378787
1070 1774267173.469331
1071 1774267173.559356
1072 1774267173.649147
1073 1774267173.739459
1074 1774267173.830348
1075 1774267173.921681
1076 1774267174.012579
1077 1774267174.104199
1078 1774267174.194142
1079 1774267174.285116
1080 1774267174.375873
1081 1774267174.465717
1082 1774267174.556880
1083 1774267174.647573
1084 1774267174.738172
1085 1774267174.828676
1086 1774267174.918640
1087 1774267175.008887
1088 1774267175.099228
1089 1774267175.188995
1090 1774267175.278944
1091 1774267175.368575
1092 1774267175.459101
1093 1774267175.549790
1094 1774267175.640025
1095 1774267175.731114
1096 1774267175.821173
1097 1774267175.911518
1098 1774267176.000765
1099 1774267176.091406
1100 1774267176.181133
1101 1774267176.272001
1102 1774267176.361732
1103 1774267176.452894
1104 1774267176.542622
1105 1774267176.632316
1106 1774267176.722669
1107 1774267176.813268
1108 1774267176.902925
1109 1774267176.992903
1110 1774267177.083341
1111 1774267177.173308
1112 1774267177.264058
1113 1774267177.354638
1114 1774267177.444232
1115 1774267177.534160
1116 1774267177.624331
1117 1774267177.714059
1118 1774267177.804219
1119 1774267177.894381
1120 1774267177.984438
1121 1774267178.073546
1122 1774267178.162778
1123 1774267178.253319
1124 1774267178.342729
1125 1774267178.431967
1126 1774267178.521978
1127 1774267178.610630
1128 1774267178.700389
1129 1774267178.790234
1130 1774267178.880313
1131 1774267178.969470
1132 1774267179.059721
1133 1774267179.148523
1134 1774267179.238897
1135 1774267179.328425
1136 1774267179.418747
1137 1774267179.509719
1138 1774267179.599973
1139 1774267179.690527
1140 1774267179.781054
1141 1774267179.872326
1142 1774267179.962370
1143 1774267180.053045
1144 1774267180.144102
1145 1774267180.234874
1146 1774267180.325279
1147 1774267180.415672
1148 1774267180.506226
1149 1774267180.596864
1150 1774267180.687295
1151 1774267180.777783
1152 1774267180.868689
1153 1774267180.959493
1154 1774267181.049636
1155 1774267181.140486
1156 1774267181.230027
1157 1774267181.320466
1158 1774267181.411763
1159 1774267181.502495
1160 1774267181.593207
1161 1774267181.684451
1162 1774267181.773777
1163 1774267181.864837
1164 1774267181.956071
1165 1774267182.046124
1166 1774267182.137173
1167 1774267182.227236
1168 1774267182.317584
1169 1774267182.408130
1170 1774267182.498381
1171 1774267182.588481
1172 1774267182.678676
1173 1774267182.768769
1174 1774267182.858183
1175 1774267182.949292
1176 1774267183.038837
1177 1774267183.128572
1178 1774267183.218241
1179 1774267183.308963
1180 1774267183.398652
1181 1774267183.488747
1182 1774267183.578714
1183 1774267183.669843
1184 1774267183.759682
1185 1774267183.849660
1186 1774267183.940147
1187 1774267184.029369
1188 1774267184.120154
1189 1774267184.209979
1190 1774267184.299810
1191 1774267184.390011
1192 1774267184.480700
1193 1774267184.571243
1194 1774267184.661230
1195 1774267184.751641
1196 1774267184.843015
1197 1774267184.933808
1198 1774267185.023603
1199 1774267185.114571
1200 1774267185.204732
1201 1774267185.294772
1202 1774267185.385211
1203 1774267185.475852
1204 1774267185.565973
1205 1774267185.656719
1206 1774267185.746929
1207 1774267185.836550
1208 1774267185.927760
1209 1774267186.017823
1210 1774267186.108474
1211 1774267186.199897
1212 1774267186.290079
1213 1774267186.380845
1214 1774267186.470612
1215 1774267186.561176
1216 1774267186.651068
1217 1774267186.741823
1218 1774267186.831950
1219 1774267186.922622
1220 1774267187.012284
1221 1774267187.103887
1222 1774267187.194037
1223 1774267187.283897
1224 1774267187.374360
1225 1774267187.464189
1226 1774267187.554413
1227 1774267187.644982
1228 1774267187.733880
1229 1774267187.823513
1230 1774267187.912489
1231 1774267188.002046
1232 1774267188.091905
1233 1774267188.181653
1234 1774267188.271787
1235 1774267188.361265
1236 1774267188.450329
1237 1774267188.540249
1238 1774267188.630161
1239 1774267188.719302
1240 1774267188.809180
1241 1774267188.899940
1242 1774267188.989875
1243 1774267189.079112
1244 1774267189.168542
1245 1774267189.258681
1246 1774267189.347999
1247 1774267189.438095
1248 1774267189.527819
1249 1774267189.618521
1250 1774267189.708964
1251 1774267189.799057
1252 1774267189.889078
1253 1774267189.978806
1254 1774267190.070176
1255 1774267190.159988
1256 1774267190.250536
1257 1774267190.341501
1258 1774267190.431321
1259 1774267190.522458
1260 1774267190.612290
1261 1774267190.702318
1262 1774267190.793368
1263 1774267190.884055
1264 1774267190.974133
1265 1774267191.064364
1266 1774267191.154939
1267 1774267191.245660
1268 1774267191.336357
1269 1774267191.426299
1270 1774267191.516035
1271 1774267191.606727
1272 1774267191.696513
1273 1774267191.786644
1274 1774267191.876937
1275 1774267191.966915
1276 1774267192.056146
1277 1774267192.146876
1278 1774267192.236361
1279 1774267192.326745
1280 1774267192.417128
1281 1774267192.506849
1282 1774267192.597698
1283 1774267192.688244
1284 1774267192.778070
1285 1774267192.867953
1286 1774267192.958188
1287 1774267193.047856
1288 1774267193.137913
1289 1774267193.228133
1290 1774267193.318419
1291 1774267193.408292
1292 1774267193.498045
1293 1774267193.588541
1294 1774267193.678881
1295 1774267193.768373
1296 1774267193.858600
1297 1774267193.949470
1298 1774267194.038043
1299 1774267194.128710
1300 1774267194.217135
1301 1774267194.306717
1302 1774267194.396454
1303 1774267194.486495
1304 1774267194.575409
1305 1774267194.665086
1306 1774267194.754267
1307 1774267194.843242
1308 1774267194.932429
1309 1774267195.021396
1310 1774267195.111029
1311 1774267195.201165
1312 1774267195.289932
1313 1774267195.379957
1314 1774267195.470193
1315 1774267195.558850
1316 1774267195.649227
1317 1774267195.738072
1318 1774267195.827266
1319 1774267195.917250
1320 1774267196.006475
1321 1774267196.095679
1322 1774267196.184900
1323 1774267196.273970
1324 1774267196.363361
1325 1774267196.453449
1326 1774267196.541926
1327 1774267196.630935
1328 1774267196.719616
1329 1774267196.808828
1330 1774267196.898819
1331 1774267196.987913
1332 1774267197.077592
1333 1774267197.167859
1334 1774267197.258618
1335 1774267197.347664
1336 1774267197.438489
1337 1774267197.528611
1338 1774267197.617428
1339 1774267197.707754
1340 1774267197.797435
1341 1774267197.887253
1342 1774267197.977110
1343 1774267198.066477
1344 1774267198.156686
1345 1774267198.246830
1346 1774267198.337751
1347 1774267198.427791
1348 1774267198.517775
1349 1774267198.607768
1350 1774267198.698489
1351 1774267198.788092
1352 1774267198.877669
1353 1774267198.967638
1354 1774267199.057600
1355 1774267199.147918
1356 1774267199.237370
1357 1774267199.326858
1358 1774267199.416316
1359 1774267199.506515
1360 1774267199.595211
1361 1774267199.684722
1362 1774267199.773779
1363 1774267199.862443
1364 1774267199.951719
1365 1774267200.040283
1366 1774267200.129460
1367 1774267200.217902
1368 1774267200.307532
1369 1774267200.396645
1370 1774267200.486862
1371 1774267200.576509
1372 1774267200.666538
1373 1774267200.755980
1374 1774267200.845042
1375 1774267200.934812
1376 1774267201.024312
1377 1774267201.114274
1378 1774267201.204072
1379 1774267201.293617
1380 1774267201.383117
1381 1774267201.472738
1382 1774267201.561944
1383 1774267201.652130
1384 1774267201.742017
1385 1774267201.832213
1386 1774267201.920790
1387 1774267202.010425
1388 1774267202.100298
1389 1774267202.188943
1390 1774267202.278756
1391 1774267202.369070
1392 1774267202.459286
1393 1774267202.548377
1394 1774267202.638535
1395 1774267202.728608
1396 1774267202.818808
1397 1774267202.908712
1398 1774267202.998881
1399 1774267203.088107
1400 1774267203.178890
1401 1774267203.269141
1402 1774267203.359097
1403 1774267203.449844
1404 1774267203.540444
1405 1774267203.631513
1406 1774267203.721872
1407 1774267203.811860
1408 1774267203.901798
1409 1774267203.992005
1410 1774267204.081919
1411 1774267204.171869
1412 1774267204.262893
1413 1774267204.352518
1414 1774267204.443362
1415 1774267204.532515
1416 1774267204.623567
1417 1774267204.713157
1418 1774267204.803101
1419 1774267204.893274
1420 1774267204.983396
1421 1774267205.073350
1422 1774267205.163630
1423 1774267205.253961
1424 1774267205.344394
1425 1774267205.434067
1426 1774267205.525499
1427 1774267205.615331
1428 1774267205.705587
1429 1774267205.797061
1430 1774267205.887313
1431 1774267205.977473
1432 1774267206.067739
1433 1774267206.157822
1434 1774267206.246579
1435 1774267206.336910
1436 1774267206.425962
1437 1774267206.515200
1438 1774267206.605219
1439 1774267206.694609
1440 1774267206.784590
1441 1774267206.873834
1442 1774267206.964396
1443 1774267207.054045
1444 1774267207.143921
1445 1774267207.234559
1446 1774267207.324884
1447 1774267207.415300
1448 1774267207.505614
1449 1774267207.596928
1450 1774267207.687610
1451 1774267207.778217
1452 1774267207.867991
1453 1774267207.958638
1454 1774267208.049407
1455 1774267208.140308
1456 1774267208.231420
1457 1774267208.322043
1458 1774267208.411626
1459 1774267208.502147
1460 1774267208.592037
1461 1774267208.681961
1462 1774267208.770685
1463 1774267208.861191
1464 1774267208.951294
1465 1774267209.041594
1466 1774267209.131598
1467 1774267209.223040
1468 1774267209.313240
1469 1774267209.403336
1470 1774267209.493900
1471 1774267209.583273
1472 1774267209.673303
1473 1774267209.764082
1474 1774267209.853306
1475 1774267209.943574
1476 1774267210.033094
1477 1774267210.122367
1478 1774267210.212464
1479 1774267210.302054
1480 1774267210.391243
1481 1774267210.480099
1482 1774267210.569817
1483 1774267210.658905
1484 1774267210.749067
1485 1774267210.838085
1486 1774267210.928405
1487 1774267211.017777
1488 1774267211.107337
1489 1774267211.196458
1490 1774267211.286691
1491 1774267211.377047
1492 1774267211.467079
1493 1774267211.556286
1494 1774267211.646883
1495 1774267211.736841
1496 1774267211.826758
1497 1774267211.917162
1498 1774267212.006761
1499 1774267212.096604
1500 1774267212.185476
1501 1774267212.275043
1502 1774267212.364547
1503 1774267212.453982
1504 1774267212.543870
1505 1774267212.633344
1506 1774267212.724348
1507 1774267212.814101
1508 1774267212.904690
1509 1774267212.994868
1510 1774267213.085363
1511 1774267213.175036
1512 1774267213.265650
1513 1774267213.355449
1514 1774267213.445713
1515 1774267213.535920
1516 1774267213.625468
1517 1774267213.715297
1518 1774267213.804957
1519 1774267213.894703
1520 1774267213.984266
1521 1774267214.074607
1522 1774267214.163991
1523 1774267214.254175
1524 1774267214.343936
1525 1774267214.434426
1526 1774267214.523853
1527 1774267214.613134
1528 1774267214.702452
1529 1774267214.791824
1530 1774267214.882444
1531 1774267214.971844
1532 1774267215.062052
1533 1774267215.151809
1534 1774267215.242556
1535 1774267215.331606
1536 1774267215.421808
1537 1774267215.511244
1538 1774267215.600549
1539 1774267215.689806
1540 1774267215.778789
1541 1774267215.867198
1542 1774267215.957144
1543 1774267216.046079
1544 1774267216.136219
1545 1774267216.224785
1546 1774267216.314095
1547 1774267216.403695
1548 1774267216.491994
1549 1774267216.581630
1550 1774267216.670523
1551 1774267216.759366
1552 1774267216.849399
1553 1774267216.938293
1554 1774267217.028489
1555 1774267217.117676
1556 1774267217.207612
1557 1774267217.296581
1558 1774267217.386787
1559 1774267217.475670
1560 1774267217.564880
1561 1774267217.654706
1562 1774267217.743859
1563 1774267217.833080
1564 1774267217.921643
1565 1774267218.010902
1566 1774267218.101147
1567 1774267218.191017
1568 1774267218.280790
1569 1774267218.370906
1570 1774267218.461711
1571 1774267218.551466
1572 1774267218.642302
1573 1774267218.732142
1574 1774267218.822341
1575 1774267218.912951
1576 1774267219.002664
1577 1774267219.092649
1578 1774267219.182636
1579 1774267219.272450
1580 1774267219.362189
1581 1774267219.452328
1582 1774267219.542186
1583 1774267219.631807
1584 1774267219.720956
1585 1774267219.810475
1586 1774267219.899476
1587 1774267219.989314
1588 1774267220.079062
1589 1774267220.168370
1590 1774267220.258440
1591 1774267220.349352
1592 1774267220.438567
1593 1774267220.529083
1594 1774267220.619476
1595 1774267220.708938
1596 1774267220.798779
1597 1774267220.887925
1598 1774267220.977661
1599 1774267221.068045
1600 1774267221.157989
1601 1774267221.247246
1602 1774267221.337311
1603 1774267221.427609
1604 1774267221.515919
1605 1774267221.605796
1606 1774267221.695136
1607 1774267221.785183
1608 1774267221.873879
1609 1774267221.963214
1610 1774267222.052977
1611 1774267222.141297
1612 1774267222.231150
1613 1774267222.321584
1614 1774267222.410351
1615 1774267222.499739
1616 1774267222.588980
1617 1774267222.679256
1618 1774267222.768349
1619 1774267222.858122
1620 1774267222.946868
1621 1774267223.037056
1622 1774267223.126242
1623 1774267223.214974
1624 1774267223.304427
1625 1774267223.394565
1626 1774267223.483040
1627 1774267223.572826
1628 1774267223.662360
1629 1774267223.752093
1630 1774267223.840598
1631 1774267223.929643
1632 1774267224.019890
1633 1774267224.108488
1634 1774267224.196965
1635 1774267224.286651
1636 1774267224.375790
1637 1774267224.464393
1638 1774267224.553492
1639 1774267224.642192
1640 1774267224.731053
1641 1774267224.819293
1642 1774267224.908269
1643 1774267224.997006
1644 1774267225.085470
1645 1774267225.174173
1646 1774267225.263054
1647 1774267225.351092
1648 1774267225.439452
1649 1774267225.527236
1650 1774267225.615622
1651 1774267225.704592
1652 1774267225.792739
1653 1774267225.881010
1654 1774267225.968868
1655 1774267226.057878
1656 1774267226.146665
1657 1774267226.236333
1658 1774267226.324926
1659 1774267226.414727
1660 1774267226.503896
1661 1774267226.592914
1662 1774267226.683321
1663 1774267226.772318
1664 1774267226.861015
1665 1774267226.949485
1666 1774267227.038030
1667 1774267227.128037
1668 1774267227.216433
1669 1774267227.306551
1670 1774267227.395331
1671 1774267227.484412
1672 1774267227.574818
1673 1774267227.664199
1674 1774267227.753868
1675 1774267227.844370
1676 1774267227.933461
1677 1774267228.022475
1678 1774267228.112862
1679 1774267228.202233
1680 1774267228.291456
1681 1774267228.380226
1682 1774267228.469793
1683 1774267228.559316
1684 1774267228.649239
1685 1774267228.738594
1686 1774267228.828404
1687 1774267228.917489
1688 1774267229.007182
1689 1774267229.095819
1690 1774267229.184501
1691 1774267229.273600
1692 1774267229.362835
1693 1774267229.453156
1694 1774267229.542417
1695 1774267229.632702
1696 1774267229.721988
1697 1774267229.811956
1698 1774267229.902667
1699 1774267229.991687
1700 1774267230.081293
1701 1774267230.171366
1702 1774267230.259922
1703 1774267230.348598
1704 1774267230.438299
1705 1774267230.526791
1706 1774267230.615246
1707 1774267230.702839
1708 1774267230.792407
1709 1774267230.880552
1710 1774267230.969506
1711 1774267231.058745
1712 1774267231.147537
1713 1774267231.236382
1714 1774267231.325491
1715 1774267231.415029
1716 1774267231.503481
1717 1774267231.593068
1718 1774267231.682786
1719 1774267231.771207
1720 1774267231.860215
1721 1774267231.949886
1722 1774267232.037731
1723 1774267232.126621
1724 1774267232.215582
1725 1774267232.304416
1726 1774267232.392427
1727 1774267232.480365
1728 1774267232.569233
1729 1774267232.657294
1730 1774267232.746197
1731 1774267232.834618
1732 1774267232.924429
1733 1774267233.013427
1734 1774267233.102623
1735 1774267233.192809
1736 1774267233.282063
1737 1774267233.370652
1738 1774267233.460455
1739 1774267233.549125
1740 1774267233.638248
1741 1774267233.726632
1742 1774267233.814867
1743 1774267233.903826
1744 1774267233.992173
1745 1774267234.080621
1746 1774267234.168847
1747 1774267234.257403
1748 1774267234.345297
1749 1774267234.434051
1750 1774267234.522131
1751 1774267234.610639
1752 1774267234.699977
1753 1774267234.788578
1754 1774267234.878265
1755 1774267234.966443
1756 1774267235.054318
1757 1774267235.143727
1758 1774267235.232130
1759 1774267235.319934
1760 1774267235.408791
1761 1774267235.497797
1762 1774267235.585368
1763 1774267235.674272
1764 1774267235.762304
1765 1774267235.851489
1766 1774267235.940607
1767 1774267236.029640
1768 1774267236.117232
1769 1774267236.205728
1770 1774267236.294793
1771 1774267236.383107
1772 1774267236.472356
1773 1774267236.560041
1774 1774267236.649684
1775 1774267236.738071
1776 1774267236.827173
1777 1774267236.916626
1778 1774267237.005586
1779 1774267237.095747
1780 1774267237.185056
1781 1774267237.274102
1782 1774267237.362661
1783 1774267237.451199
1784 1774267237.538858
1785 1774267237.627294
1786 1774267237.714588
1787 1774267237.802904
1788 1774267237.891003
1789 1774267237.979096
1790 1774267238.067144
1791 1774267238.155254
1792 1774267238.243908
1793 1774267238.333314
1794 1774267238.422028
1795 1774267238.510457
1796 1774267238.599386
1797 1774267238.688647
1798 1774267238.777013
1799 1774267238.865949
1800 1774267238.954579
1801 1774267239.042458
1802 1774267239.130548
1803 1774267239.218828
1804 1774267239.306799
1805 1774267239.395262
1806 1774267239.482719
1807 1774267239.571067
1808 1774267239.659330
1809 1774267239.747908
1810 1774267239.835972
1811 1774267239.924432
1812 1774267240.012198
1813 1774267240.100300
1814 1774267240.187670
1815 1774267240.276022
1816 1774267240.364032
1817 1774267240.451693
1818 1774267240.539281
1819 1774267240.628556
1820 1774267240.716543
1821 1774267240.805843
1822 1774267240.894031
1823 1774267240.981657
1824 1774267241.069831
1825 1774267241.157129
1826 1774267241.244992
1827 1774267241.332790
1828 1774267241.420270
1829 1774267241.508606
1830 1774267241.597699
1831 1774267241.686047
1832 1774267241.774280
1833 1774267241.862915
1834 1774267241.951978
1835 1774267242.040242
1836 1774267242.129683
1837 1774267242.217796
1838 1774267242.306982
1839 1774267242.396679
1840 1774267242.485650
1841 1774267242.575375
1842 1774267242.665120
1843 1774267242.754401
1844 1774267242.843224
1845 1774267242.931962
1846 1774267243.021344
1847 1774267243.110568
1848 1774267243.199757
1849 1774267243.288337
1850 1774267243.378069
1851 1774267243.467109
1852 1774267243.555192
1853 1774267243.644371
1854 1774267243.734165
1855 1774267243.822595
1856 1774267243.912170
1857 1774267244.000792
1858 1774267244.090002
1859 1774267244.178047
1860 1774267244.267259
1861 1774267244.355982
1862 1774267244.443666
1863 1774267244.533047
1864 1774267244.621543
1865 1774267244.709672
1866 1774267244.797946
1867 1774267244.887202
1868 1774267244.975281
1869 1774267245.064079
1870 1774267245.152289
1871 1774267245.240306
1872 1774267245.327957
1873 1774267245.416675
1874 1774267245.504224
1875 1774267245.592337
1876 1774267245.681071
1877 1774267245.769400
1878 1774267245.857600
1879 1774267245.946658
1880 1774267246.034447
1881 1774267246.123759
1882 1774267246.211497
1883 1774267246.300682
1884 1774267246.388163
1885 1774267246.477193
1886 1774267246.564863
1887 1774267246.652983
1888 1774267246.742041
1889 1774267246.830725
1890 1774267246.919220
1891 1774267247.008363
1892 1774267247.096845
1893 1774267247.185952
1894 1774267247.273472
1895 1774267247.361935
1896 1774267247.450821
1897 1774267247.538931
1898 1774267247.626991
1899 1774267247.715279
1900 1774267247.803124
1901 1774267247.891932
1902 1774267247.979901
1903 1774267248.068183
1904 1774267248.156298
1905 1774267248.244001
1906 1774267248.331840
1907 1774267248.418898
1908 1774267248.506290
1909 1774267248.595341
1910 1774267248.683001
1911 1774267248.771491
1912 1774267248.859515
1913 1774267248.947140
1914 1774267249.036509
1915 1774267249.125275
1916 1774267249.213430
1917 1774267249.302072
1918 1774267249.391172
1919 1774267249.479352
1920 1774267249.567821
1921 1774267249.656482
1922 1774267249.744787
1923 1774267249.832879
1924 1774267249.920935
1925 1774267250.009869
1926 1774267250.097608
1927 1774267250.185964
1928 1774267250.275072
1929 1774267250.363825
1930 1774267250.452274
1931 1774267250.541459
1932 1774267250.629003
1933 1774267250.717851
1934 1774267250.807523
1935 1774267250.897475
1936 1774267250.986543
1937 1774267251.076037
1938 1774267251.164482
1939 1774267251.253928
1940 1774267251.342720
1941 1774267251.431511
1942 1774267251.521258
1943 1774267251.609378
1944 1774267251.699305
1945 1774267251.788394
1946 1774267251.878020
1947 1774267251.966410
1948 1774267252.055241
1949 1774267252.145203
1950 1774267252.234577
1951 1774267252.323427
1952 1774267252.412660
1953 1774267252.502218
1954 1774267252.590990
1955 1774267252.680071
1956 1774267252.768860
1957 1774267252.857634
1958 1774267252.945524
1959 1774267253.035283
1960 1774267253.123674
1961 1774267253.212604
1962 1774267253.301014
1963 1774267253.389699
1964 1774267253.478094
1965 1774267253.566893
1966 1774267253.656079
1967 1774267253.744870
1968 1774267253.833420
1969 1774267253.921106
1970 1774267254.009406
1971 1774267254.098038
1972 1774267254.185587
1973 1774267254.273511
1974 1774267254.361689
1975 1774267254.449820
1976 1774267254.538812
1977 1774267254.626793
1978 1774267254.715679
1979 1774267254.803979
1980 1774267254.892098
1981 1774267254.981147
1982 1774267255.069248
1983 1774267255.158462
1984 1774267255.247339
1985 1774267255.336185
1986 1774267255.424683
1987 1774267255.513557
1988 1774267255.601806
1989 1774267255.691836
1990 1774267255.780031
1991 1774267255.868925
1992 1774267255.957374
1993 1774267256.045706
1994 1774267256.133506
1995 1774267256.221540
1996 1774267256.310385
1997 1774267256.398448
1998 1774267256.487265
1999 1774267256.575463
2000 1774267256.663278
2001 1774267256.751877
2002 1774267256.839717
2003 1774267256.928158
2004 1774267257.016451
2005 1774267257.104847
2006 1774267257.194512
2007 1774267257.282344
2008 1774267257.370870
2009 1774267257.459063
2010 1774267257.547316
2011 1774267257.636535
2012 1774267257.723953
2013 1774267257.812282
2014 1774267257.901102
2015 1774267257.989052
2016 1774267258.076896
2017 1774267258.164336
2018 1774267258.252668
2019 1774267258.340594
2020 1774267258.428772
2021 1774267258.516227
2022 1774267258.604446
2023 1774267258.693006
2024 1774267258.782720
2025 1774267258.870755
2026 1774267258.960214
2027 1774267259.048770
2028 1774267259.138125
2029 1774267259.227175
2030 1774267259.316180
2031 1774267259.405101
2032 1774267259.494213
2033 1774267259.584252
2034 1774267259.673306
2035 1774267259.762941
2036 1774267259.851643
2037 1774267259.940745
2038 1774267260.029917
2039 1774267260.118922
2040 1774267260.207811
2041 1774267260.297002
2042 1774267260.386369
2043 1774267260.474919
2044 1774267260.563716
2045 1774267260.651900
2046 1774267260.740818
2047 1774267260.829820
2048 1774267260.918733
2049 1774267261.006684
2050 1774267261.095244
2051 1774267261.184541
2052 1774267261.272568
2053 1774267261.361769
2054 1774267261.451120
2055 1774267261.538763
2056 1774267261.627720
2057 1774267261.716842
2058 1774267261.805417
2059 1774267261.893771
2060 1774267261.982706
2061 1774267262.070051
2062 1774267262.159197
2063 1774267262.247131
2064 1774267262.335036
2065 1774267262.423173
2066 1774267262.511475
2067 1774267262.600350
2068 1774267262.688452
2069 1774267262.778302
2070 1774267262.866777
2071 1774267262.955281
2072 1774267263.043858
2073 1774267263.132469
2074 1774267263.222319
2075 1774267263.310312
2076 1774267263.399649
2077 1774267263.489245
2078 1774267263.579016
2079 1774267263.668034
2080 1774267263.756646
2081 1774267263.846188
2082 1774267263.935010
2083 1774267264.023451
2084 1774267264.112743
2085 1774267264.201880
2086 1774267264.290676
2087 1774267264.379064
2088 1774267264.466561
2089 1774267264.555040
2090 1774267264.644080
2091 1774267264.732107
2092 1774267264.820498
2093 1774267264.909066
2094 1774267264.996981
2095 1774267265.085333
2096 1774267265.174048
2097 1774267265.263018
2098 1774267265.351312
2099 1774267265.440068
2100 1774267265.528293
2101 1774267265.616970
2102 1774267265.705027
2103 1774267265.793104
2104 1774267265.881186
2105 1774267265.969762
2106 1774267266.058789
2107 1774267266.147485
2108 1774267266.235976
2109 1774267266.324901
2110 1774267266.413600
2111 1774267266.501656
2112 1774267266.590849
2113 1774267266.679733
2114 1774267266.769033
2115 1774267266.857297
2116 1774267266.946848
2117 1774267267.036059
2118 1774267267.123904
2119 1774267267.214014
2120 1774267267.301991
2121 1774267267.390606
2122 1774267267.479466
2123 1774267267.568617
2124 1774267267.657155
2125 1774267267.745415
2126 1774267267.833522
2127 1774267267.922075
2128 1774267268.011055
2129 1774267268.099486
2130 1774267268.188435
2131 1774267268.276787
2132 1774267268.365921
2133 1774267268.455153
2134 1774267268.544767
2135 1774267268.633766
2136 1774267268.723303
2137 1774267268.812863
2138 1774267268.903227
2139 1774267268.992390
2140 1774267269.081607
2141 1774267269.170542
2142 1774267269.258919
2143 1774267269.348207
2144 1774267269.437706
2145 1774267269.526283
2146 1774267269.614634
2147 1774267269.703409
2148 1774267269.792903
2149 1774267269.880791
2150 1774267269.969729
2151 1774267270.058164
2152 1774267270.148375
2153 1774267270.237019
2154 1774267270.326761
2155 1774267270.415709
2156 1774267270.504338
2157 1774267270.593121
2158 1774267270.682029
2159 1774267270.770859
2160 1774267270.858753
2161 1774267270.947633
2162 1774267271.036551
2163 1774267271.125560
2164 1774267271.215167
2165 1774267271.303820
2166 1774267271.392309
2167 1774267271.482551
2168 1774267271.571568
2169 1774267271.660266
2170 1774267271.749722
2171 1774267271.839262
2172 1774267271.929453
2173 1774267272.019283
2174 1774267272.108607
2175 1774267272.197546
2176 1774267272.287465
2177 1774267272.377000
2178 1774267272.466067
2179 1774267272.556675
2180 1774267272.646122
2181 1774267272.735830
2182 1774267272.824333
2183 1774267272.914278
2184 1774267273.003200
2185 1774267273.091871
2186 1774267273.180676
2187 1774267273.269570
2188 1774267273.358771
2189 1774267273.448858
2190 1774267273.538161
2191 1774267273.628161
2192 1774267273.717062
2193 1774267273.807460
2194 1774267273.896291
2195 1774267273.984930
2196 1774267274.073771
2197 1774267274.162645
2198 1774267274.250863
2199 1774267274.340011
2200 1774267274.429167
2201 1774267274.517194
2202 1774267274.605524
2203 1774267274.695008
2204 1774267274.784098
2205 1774267274.873143
2206 1774267274.961740
2207 1774267275.051166
2208 1774267275.141126
2209 1774267275.230716
2210 1774267275.319495
2211 1774267275.408326
2212 1774267275.497656
2213 1774267275.586720
2214 1774267275.674855
2215 1774267275.763563
2216 1774267275.852030
2217 1774267275.940666
2218 1774267276.029329
2219 1774267276.117790
2220 1774267276.206336
2221 1774267276.294303
2222 1774267276.383721
2223 1774267276.472553
2224 1774267276.560790
2225 1774267276.648966
2226 1774267276.737353
2227 1774267276.826356
2228 1774267276.915159
2229 1774267277.003213
2230 1774267277.091759
2231 1774267277.181051
2232 1774267277.269778
2233 1774267277.358927
2234 1774267277.447494
2235 1774267277.535565
2236 1774267277.623731
2237 1774267277.711861
2238 1774267277.800898
2239 1774267277.888709
2240 1774267277.978124
2241 1774267278.067494
2242 1774267278.155595
2243 1774267278.245018
2244 1774267278.333234
2245 1774267278.421811
2246 1774267278.510716
2247 1774267278.599440
2248 1774267278.689271
2249 1774267278.779310
2250 1774267278.867906
2251 1774267278.957022
2252 1774267279.046029
2253 1774267279.134713
2254 1774267279.223066
2255 1774267279.312806
2256 1774267279.400932
2257 1774267279.488709
2258 1774267279.576441
2259 1774267279.664325
2260 1774267279.752315
2261 1774267279.839705
2262 1774267279.927914
2263 1774267280.016169
2264 1774267280.104621
2265 1774267280.192305
2266 1774267280.279579
2267 1774267280.368099
2268 1774267280.455833
2269 1774267280.545011
2270 1774267280.633235
2271 1774267280.721193
2272 1774267280.809420
2273 1774267280.899001
2274 1774267280.987734
2275 1774267281.075773
2276 1774267281.164818
2277 1774267281.253501
2278 1774267281.343007
2279 1774267281.432446
2280 1774267281.520566
2281 1774267281.609714
2282 1774267281.698500
2283 1774267281.786900
2284 1774267281.875891
2285 1774267281.963890
2286 1774267282.052050
2287 1774267282.141421
2288 1774267282.229134
2289 1774267282.317406
2290 1774267282.405830
