# scan_index timestamp_seconds
0 1773836841.662700
1 1773836841.809039
2 1773836841.867313
3 1773836841.895985
4 1773836841.973313
5 1773836842.051136
6 1773836842.128130
7 1773836842.206511
8 1773836842.284989
9 1773836842.362040
10 1773836842.440657
11 1773836842.518655
12 1773836842.595853
13 1773836842.674194
14 1773836842.751760
15 1773836842.829826
16 1773836842.907945
17 1773836842.985486
18 1773836843.064129
19 1773836843.142559
20 1773836843.220482
21 1773836843.298337
22 1773836843.376777
23 1773836843.454221
24 1773836843.532329
25 1773836843.610354
26 1773836843.688433
27 1773836843.766820
28 1773836843.845098
29 1773836843.922403
30 1773836844.000507
31 1773836844.078404
32 1773836844.156469
33 1773836844.234354
34 1773836844.312667
35 1773836844.390416
36 1773836844.468306
37 1773836844.545689
38 1773836844.623463
39 1773836844.702114
40 1773836844.779302
41 1773836844.857722
42 1773836844.935405
43 1773836845.013430
44 1773836845.091144
45 1773836845.170062
46 1773836845.248249
47 1773836845.325968
48 1773836845.404010
49 1773836845.481761
50 1773836845.560683
51 1773836845.638978
52 1773836845.716559
53 1773836845.794627
54 1773836845.872150
55 1773836845.950841
56 1773836846.028909
57 1773836846.106332
58 1773836846.184919
59 1773836846.262538
60 1773836846.340137
61 1773836846.418815
62 1773836846.496636
63 1773836846.573669
64 1773836846.651704
65 1773836846.729795
66 1773836846.807029
67 1773836846.885397
68 1773836846.963364
69 1773836847.041466
70 1773836847.119262
71 1773836847.197087
72 1773836847.274859
73 1773836847.352989
74 1773836847.430792
75 1773836847.509168
76 1773836847.586872
77 1773836847.664366
78 1773836847.742996
79 1773836847.820583
80 1773836847.897995
81 1773836847.976056
82 1773836848.053686
83 1773836848.132493
84 1773836848.209370
85 1773836848.288332
86 1773836848.365693
87 1773836848.443205
88 1773836848.521091
89 1773836848.599322
90 1773836848.676960
91 1773836848.754977
92 1773836848.833596
93 1773836848.911024
94 1773836848.988626
95 1773836849.066340
96 1773836849.144212
97 1773836849.222385
98 1773836849.299994
99 1773836849.377051
100 1773836849.455106
101 1773836849.532815
102 1773836849.610349
103 1773836849.688777
104 1773836849.765336
105 1773836849.844052
106 1773836849.921557
107 1773836849.998861
108 1773836850.076924
109 1773836850.154567
110 1773836850.232043
111 1773836850.310595
112 1773836850.387969
113 1773836850.465976
114 1773836850.543310
115 1773836850.621733
116 1773836850.699126
117 1773836850.776526
118 1773836850.855100
119 1773836850.932368
120 1773836851.010976
121 1773836851.088134
122 1773836851.166009
123 1773836851.244119
124 1773836851.321237
125 1773836851.399363
126 1773836851.477762
127 1773836851.555680
128 1773836851.632666
129 1773836851.711084
130 1773836851.788495
131 1773836851.867006
132 1773836851.944059
133 1773836852.022469
134 1773836852.099991
135 1773836852.178778
136 1773836852.255838
137 1773836852.334713
138 1773836852.411852
139 1773836852.490159
140 1773836852.567252
141 1773836852.645820
142 1773836852.723294
143 1773836852.800728
144 1773836852.879061
145 1773836852.957238
146 1773836853.034127
147 1773836853.112367
148 1773836853.190122
149 1773836853.268326
150 1773836853.346153
151 1773836853.424312
152 1773836853.501333
153 1773836853.579257
154 1773836853.657777
155 1773836853.734849
156 1773836853.812785
157 1773836853.890983
158 1773836853.967770
159 1773836854.046658
160 1773836854.123793
161 1773836854.200944
162 1773836854.279560
163 1773836854.357657
164 1773836854.435125
165 1773836854.513310
166 1773836854.591116
167 1773836854.669323
168 1773836854.747381
169 1773836854.824788
170 1773836854.902939
171 1773836854.980140
172 1773836855.057995
173 1773836855.136310
174 1773836855.214311
175 1773836855.292288
176 1773836855.370092
177 1773836855.447864
178 1773836855.525421
179 1773836855.603195
180 1773836855.681305
181 1773836855.759796
182 1773836855.837611
183 1773836855.915301
184 1773836855.993361
185 1773836856.070478
186 1773836856.148182
187 1773836856.226554
188 1773836856.304138
189 1773836856.382119
190 1773836856.459951
191 1773836856.537921
192 1773836856.615626
193 1773836856.694002
194 1773836856.772146
195 1773836856.850438
196 1773836856.928343
197 1773836857.006552
198 1773836857.084639
199 1773836857.161802
200 1773836857.239853
201 1773836857.318024
202 1773836857.396137
203 1773836857.474495
204 1773836857.551533
205 1773836857.629838
206 1773836857.707955
207 1773836857.786300
208 1773836857.863146
209 1773836857.941558
210 1773836858.018800
211 1773836858.097195
212 1773836858.175016
213 1773836858.252657
214 1773836858.329630
215 1773836858.407258
216 1773836858.485336
217 1773836858.563864
218 1773836858.642057
219 1773836858.720036
220 1773836858.797242
221 1773836858.875336
222 1773836858.953317
223 1773836859.030940
224 1773836859.109382
225 1773836859.187301
226 1773836859.265126
227 1773836859.342941
228 1773836859.420589
229 1773836859.499244
230 1773836859.576489
231 1773836859.654985
232 1773836859.732316
233 1773836859.810845
234 1773836859.888895
235 1773836859.966416
236 1773836860.044327
237 1773836860.121822
238 1773836860.199672
239 1773836860.276814
240 1773836860.354849
241 1773836860.433030
242 1773836860.510839
243 1773836860.588894
244 1773836860.666238
245 1773836860.743898
246 1773836860.822046
247 1773836860.899565
248 1773836860.977521
249 1773836861.055641
250 1773836861.132947
251 1773836861.210891
252 1773836861.289642
253 1773836861.367397
254 1773836861.444577
255 1773836861.523589
256 1773836861.601165
257 1773836861.678929
258 1773836861.757104
259 1773836861.834406
260 1773836861.912764
261 1773836861.990000
262 1773836862.068166
263 1773836862.146476
264 1773836862.223620
265 1773836862.301954
266 1773836862.380161
267 1773836862.457541
268 1773836862.535611
269 1773836862.612876
270 1773836862.690154
271 1773836862.768029
272 1773836862.846493
273 1773836862.923504
274 1773836863.001785
275 1773836863.078635
276 1773836863.156660
277 1773836863.234973
278 1773836863.312681
279 1773836863.390851
280 1773836863.468330
281 1773836863.546443
282 1773836863.623675
283 1773836863.701471
284 1773836863.779857
285 1773836863.857296
286 1773836863.934271
287 1773836864.012710
288 1773836864.090980
289 1773836864.167683
290 1773836864.245846
291 1773836864.323314
292 1773836864.401554
293 1773836864.479238
294 1773836864.557100
295 1773836864.635312
296 1773836864.712686
297 1773836864.791123
298 1773836864.869229
299 1773836864.946843
300 1773836865.024568
301 1773836865.102968
302 1773836865.179732
303 1773836865.258230
304 1773836865.336409
305 1773836865.413409
306 1773836865.491734
307 1773836865.569387
308 1773836865.647632
309 1773836865.725236
310 1773836865.802738
311 1773836865.880017
312 1773836865.958056
313 1773836866.036156
314 1773836866.112955
315 1773836866.190794
316 1773836866.268141
317 1773836866.345918
318 1773836866.424302
319 1773836866.501552
320 1773836866.579837
321 1773836866.656396
322 1773836866.734797
323 1773836866.812187
324 1773836866.890442
325 1773836866.967412
326 1773836867.045719
327 1773836867.123038
328 1773836867.201021
329 1773836867.278973
330 1773836867.356082
331 1773836867.433952
332 1773836867.511826
333 1773836867.590123
334 1773836867.667785
335 1773836867.745392
336 1773836867.823941
337 1773836867.901157
338 1773836867.978847
339 1773836868.057377
340 1773836868.135575
341 1773836868.212669
342 1773836868.290446
343 1773836868.368141
344 1773836868.445696
345 1773836868.523865
346 1773836868.601686
347 1773836868.679861
348 1773836868.756561
349 1773836868.834522
350 1773836868.912630
351 1773836868.989682
352 1773836869.067643
353 1773836869.145967
354 1773836869.224151
355 1773836869.301514
356 1773836869.379543
357 1773836869.457212
358 1773836869.534973
359 1773836869.612316
360 1773836869.690803
361 1773836869.768311
362 1773836869.846324
363 1773836869.924397
364 1773836870.002898
365 1773836870.080528
366 1773836870.157889
367 1773836870.235414
368 1773836870.313460
369 1773836870.391476
370 1773836870.468945
371 1773836870.545887
372 1773836870.624019
373 1773836870.701839
374 1773836870.779859
375 1773836870.857546
376 1773836870.935882
377 1773836871.013333
378 1773836871.091451
379 1773836871.168671
380 1773836871.247030
381 1773836871.324923
382 1773836871.402372
383 1773836871.479900
384 1773836871.557922
385 1773836871.635298
386 1773836871.712745
387 1773836871.790957
388 1773836871.868141
389 1773836871.946528
390 1773836872.023680
391 1773836872.101111
392 1773836872.178689
393 1773836872.256973
394 1773836872.334556
395 1773836872.413194
396 1773836872.490679
397 1773836872.568654
398 1773836872.646873
399 1773836872.724895
400 1773836872.803041
401 1773836872.880676
402 1773836872.958399
403 1773836873.036793
404 1773836873.114584
405 1773836873.191403
406 1773836873.269092
407 1773836873.346251
408 1773836873.424668
409 1773836873.501494
410 1773836873.579279
411 1773836873.656702
412 1773836873.734903
413 1773836873.812535
414 1773836873.890660
415 1773836873.967594
416 1773836874.045942
417 1773836874.123933
418 1773836874.200743
419 1773836874.279435
420 1773836874.356362
421 1773836874.434823
422 1773836874.512732
423 1773836874.589894
424 1773836874.667900
425 1773836874.746498
426 1773836874.823249
427 1773836874.900958
428 1773836874.979260
429 1773836875.056830
430 1773836875.134752
431 1773836875.212552
432 1773836875.290410
433 1773836875.367728
434 1773836875.445249
435 1773836875.522730
436 1773836875.600499
437 1773836875.679131
438 1773836875.756836
439 1773836875.833816
440 1773836875.911866
441 1773836875.989315
442 1773836876.067284
443 1773836876.144225
444 1773836876.222866
445 1773836876.299635
446 1773836876.377693
447 1773836876.455331
448 1773836876.533523
449 1773836876.610943
450 1773836876.689197
451 1773836876.766726
452 1773836876.844955
453 1773836876.921683
454 1773836877.000063
455 1773836877.077796
456 1773836877.154971
457 1773836877.233427
458 1773836877.311386
459 1773836877.389297
460 1773836877.467086
461 1773836877.544712
462 1773836877.622796
463 1773836877.699897
464 1773836877.778279
465 1773836877.855787
466 1773836877.933128
467 1773836878.011564
468 1773836878.088689
469 1773836878.167245
470 1773836878.245542
471 1773836878.322900
472 1773836878.401377
473 1773836878.478254
474 1773836878.556703
475 1773836878.633982
476 1773836878.711559
477 1773836878.789350
478 1773836878.867372
479 1773836878.945862
480 1773836879.022695
481 1773836879.101041
482 1773836879.178303
483 1773836879.256135
484 1773836879.334251
485 1773836879.412556
486 1773836879.490025
487 1773836879.568016
488 1773836879.645090
489 1773836879.722621
490 1773836879.801228
491 1773836879.878698
492 1773836879.956920
493 1773836880.034200
494 1773836880.112402
495 1773836880.190304
496 1773836880.268124
497 1773836880.346207
498 1773836880.424060
499 1773836880.501985
500 1773836880.579979
501 1773836880.657935
502 1773836880.735428
503 1773836880.813813
504 1773836880.890968
505 1773836880.969259
506 1773836881.047339
507 1773836881.124960
508 1773836881.203033
509 1773836881.280041
510 1773836881.359040
511 1773836881.436606
512 1773836881.513962
513 1773836881.591650
514 1773836881.670228
515 1773836881.748120
516 1773836881.826571
517 1773836881.903674
518 1773836881.981591
519 1773836882.059681
520 1773836882.138078
521 1773836882.215976
522 1773836882.294119
523 1773836882.372689
524 1773836882.449991
525 1773836882.527311
526 1773836882.605458
527 1773836882.683912
528 1773836882.761582
529 1773836882.839653
530 1773836882.916997
531 1773836882.993956
532 1773836883.072469
533 1773836883.150116
534 1773836883.227863
535 1773836883.304599
536 1773836883.382746
537 1773836883.460393
538 1773836883.537139
539 1773836883.615453
540 1773836883.692796
541 1773836883.770234
542 1773836883.847722
543 1773836883.925289
544 1773836884.002443
545 1773836884.080512
546 1773836884.157957
547 1773836884.236304
548 1773836884.313660
549 1773836884.391544
550 1773836884.469578
551 1773836884.547562
552 1773836884.625622
553 1773836884.702925
554 1773836884.780737
555 1773836884.858360
556 1773836884.935944
557 1773836885.013491
558 1773836885.091408
559 1773836885.169512
560 1773836885.246404
561 1773836885.324409
562 1773836885.402032
563 1773836885.480118
564 1773836885.557963
565 1773836885.635703
566 1773836885.713326
567 1773836885.790504
568 1773836885.868819
569 1773836885.945927
570 1773836886.024030
571 1773836886.101683
572 1773836886.178306
573 1773836886.256065
574 1773836886.334498
575 1773836886.411264
576 1773836886.489349
577 1773836886.567200
578 1773836886.644535
579 1773836886.721838
580 1773836886.799233
581 1773836886.876903
582 1773836886.954834
583 1773836887.032460
584 1773836887.109576
585 1773836887.187353
586 1773836887.264960
587 1773836887.342945
588 1773836887.420588
589 1773836887.497651
590 1773836887.576227
591 1773836887.653173
592 1773836887.730759
593 1773836887.808898
594 1773836887.887132
595 1773836887.965043
596 1773836888.042899
597 1773836888.120599
598 1773836888.197676
599 1773836888.275594
600 1773836888.354131
601 1773836888.431195
602 1773836888.509352
603 1773836888.587068
604 1773836888.664933
605 1773836888.742937
606 1773836888.820414
607 1773836888.898528
608 1773836888.976016
609 1773836889.053131
610 1773836889.131452
611 1773836889.208793
612 1773836889.287260
613 1773836889.365118
614 1773836889.442112
615 1773836889.520268
616 1773836889.598031
617 1773836889.676177
618 1773836889.754755
619 1773836889.832047
620 1773836889.909424
621 1773836889.987046
622 1773836890.065294
623 1773836890.142132
624 1773836890.220388
625 1773836890.297568
626 1773836890.374763
627 1773836890.453045
628 1773836890.530501
629 1773836890.607554
630 1773836890.685946
631 1773836890.763064
632 1773836890.840256
633 1773836890.917537
634 1773836890.995453
635 1773836891.073978
636 1773836891.151678
637 1773836891.228952
638 1773836891.306641
639 1773836891.384677
640 1773836891.462943
641 1773836891.540277
642 1773836891.618171
643 1773836891.696548
644 1773836891.773387
645 1773836891.851562
646 1773836891.929306
647 1773836892.007477
648 1773836892.084198
649 1773836892.163264
650 1773836892.240067
651 1773836892.318484
652 1773836892.396012
653 1773836892.473424
654 1773836892.551044
655 1773836892.629101
656 1773836892.706350
657 1773836892.784540
658 1773836892.861759
659 1773836892.939486
660 1773836893.018008
661 1773836893.095176
662 1773836893.172456
663 1773836893.250816
664 1773836893.327642
665 1773836893.405766
666 1773836893.483162
667 1773836893.560540
668 1773836893.637984
669 1773836893.716053
670 1773836893.793993
671 1773836893.871503
672 1773836893.948216
673 1773836894.026166
674 1773836894.103322
675 1773836894.181393
676 1773836894.258307
677 1773836894.336495
678 1773836894.413914
679 1773836894.490965
680 1773836894.569558
681 1773836894.646631
682 1773836894.723951
683 1773836894.802359
684 1773836894.879504
685 1773836894.957653
686 1773836895.034985
687 1773836895.113011
688 1773836895.190091
689 1773836895.267850
690 1773836895.346098
691 1773836895.424005
692 1773836895.501377
693 1773836895.578777
694 1773836895.656122
695 1773836895.734449
696 1773836895.811476
697 1773836895.888914
698 1773836895.966852
699 1773836896.044757
700 1773836896.122339
701 1773836896.199666
702 1773836896.278053
703 1773836896.355263
704 1773836896.433402
705 1773836896.510395
706 1773836896.588722
707 1773836896.666165
708 1773836896.744477
709 1773836896.821936
710 1773836896.899266
711 1773836896.977506
712 1773836897.055100
713 1773836897.133270
714 1773836897.210692
715 1773836897.288610
716 1773836897.365248
717 1773836897.443159
718 1773836897.519935
719 1773836897.598452
720 1773836897.675829
721 1773836897.753044
722 1773836897.830881
723 1773836897.907938
724 1773836897.986173
725 1773836898.062879
726 1773836898.140100
727 1773836898.218420
728 1773836898.295732
729 1773836898.373554
730 1773836898.450310
731 1773836898.527523
732 1773836898.605760
733 1773836898.682578
734 1773836898.760353
735 1773836898.837616
736 1773836898.916040
737 1773836898.993304
738 1773836899.070774
739 1773836899.148103
740 1773836899.225610
741 1773836899.302629
742 1773836899.380503
743 1773836899.457919
744 1773836899.536271
745 1773836899.613601
746 1773836899.690713
747 1773836899.768829
748 1773836899.846464
749 1773836899.924338
750 1773836900.001718
751 1773836900.079823
752 1773836900.157254
753 1773836900.234509
754 1773836900.311889
755 1773836900.390187
756 1773836900.467082
757 1773836900.545056
758 1773836900.622190
759 1773836900.699441
760 1773836900.777553
761 1773836900.854957
762 1773836900.932815
763 1773836901.009476
764 1773836901.087865
765 1773836901.165571
766 1773836901.242643
767 1773836901.321076
768 1773836901.398463
769 1773836901.476324
770 1773836901.553523
771 1773836901.632000
772 1773836901.709047
773 1773836901.786881
774 1773836901.864639
775 1773836901.942523
776 1773836902.020144
777 1773836902.097688
778 1773836902.175465
779 1773836902.253278
780 1773836902.330832
781 1773836902.408904
782 1773836902.486764
783 1773836902.564246
784 1773836902.641997
785 1773836902.720117
786 1773836902.797958
787 1773836902.875032
788 1773836902.952197
789 1773836903.029556
790 1773836903.107383
791 1773836903.184564
792 1773836903.262586
793 1773836903.339491
794 1773836903.417663
795 1773836903.495351
796 1773836903.571967
797 1773836903.650076
798 1773836903.728178
799 1773836903.804691
800 1773836903.882383
801 1773836903.960712
802 1773836904.037999
803 1773836904.115924
804 1773836904.193439
805 1773836904.270600
806 1773836904.348575
807 1773836904.425879
808 1773836904.503601
809 1773836904.580870
810 1773836904.659035
811 1773836904.736299
812 1773836904.813481
813 1773836904.891814
814 1773836904.969566
815 1773836905.047476
816 1773836905.124048
817 1773836905.202064
818 1773836905.280188
819 1773836905.357797
820 1773836905.434748
821 1773836905.512322
822 1773836905.589999
823 1773836905.667922
824 1773836905.745323
825 1773836905.821766
826 1773836905.899660
827 1773836905.977427
828 1773836906.054484
829 1773836906.131723
830 1773836906.208798
831 1773836906.286520
832 1773836906.363942
833 1773836906.441984
834 1773836906.518998
835 1773836906.596394
836 1773836906.674339
837 1773836906.751633
838 1773836906.828942
839 1773836906.907073
840 1773836906.983833
841 1773836907.061843
842 1773836907.139609
843 1773836907.216666
844 1773836907.294196
845 1773836907.372157
846 1773836907.449380
847 1773836907.526898
848 1773836907.605101
849 1773836907.682567
850 1773836907.760595
851 1773836907.838058
852 1773836907.915589
853 1773836907.993567
854 1773836908.071428
855 1773836908.148610
856 1773836908.226602
857 1773836908.304783
858 1773836908.381647
859 1773836908.460052
860 1773836908.537743
861 1773836908.615477
862 1773836908.693413
863 1773836908.770764
864 1773836908.848580
865 1773836908.926406
866 1773836909.003904
867 1773836909.081747
868 1773836909.159049
869 1773836909.237089
870 1773836909.315460
871 1773836909.393362
872 1773836909.470372
873 1773836909.548509
874 1773836909.625500
875 1773836909.703818
876 1773836909.781534
877 1773836909.859933
878 1773836909.937485
879 1773836910.014275
880 1773836910.091812
881 1773836910.169979
882 1773836910.247767
883 1773836910.324869
884 1773836910.402298
885 1773836910.480221
886 1773836910.558345
887 1773836910.635728
888 1773836910.713168
889 1773836910.791131
890 1773836910.869052
891 1773836910.946003
892 1773836911.024231
893 1773836911.101522
894 1773836911.179346
895 1773836911.257192
896 1773836911.334724
897 1773836911.413039
898 1773836911.490447
899 1773836911.568603
900 1773836911.646022
901 1773836911.723191
902 1773836911.800967
903 1773836911.879440
904 1773836911.957018
905 1773836912.034145
